15
15
6
1
0
Fixed
Moore
time_step, x, y, value
0, 0, 0, 00, 1, 0, 10, 2, 0, 00, 3, 0, 00, 4, 0, 00, 5, 0, 20, 6, 0, 10, 7, 0, 00, 8, 0, 20, 9, 0, 10, 10, 0, 10, 11, 0, 10, 12, 0, 10, 13, 0, 10, 14, 0, 0
0, 0, 1, 00, 1, 1, 10, 2, 1, 00, 3, 1, 20, 4, 1, 10, 5, 1, 20, 6, 1, 20, 7, 1, 20, 8, 1, 00, 9, 1, 20, 10, 1, 10, 11, 1, 20, 12, 1, 20, 13, 1, 00, 14, 1, 2
0, 0, 2, 10, 1, 2, 00, 2, 2, 10, 3, 2, 20, 4, 2, 10, 5, 2, 10, 6, 2, 10, 7, 2, 00, 8, 2, 20, 9, 2, 00, 10, 2, 10, 11, 2, 00, 12, 2, 10, 13, 2, 00, 14, 2, 2
0, 0, 3, 10, 1, 3, 00, 2, 3, 00, 3, 3, 20, 4, 3, 00, 5, 3, 10, 6, 3, 20, 7, 3, 20, 8, 3, 00, 9, 3, 00, 10, 3, 10, 11, 3, 20, 12, 3, 20, 13, 3, 10, 14, 3, 2
0, 0, 4, 20, 1, 4, 00, 2, 4, 00, 3, 4, 00, 4, 4, 20, 5, 4, 10, 6, 4, 10, 7, 4, 00, 8, 4, 10, 9, 4, 00, 10, 4, 10, 11, 4, 20, 12, 4, 10, 13, 4, 00, 14, 4, 0
0, 0, 5, 00, 1, 5, 20, 2, 5, 00, 3, 5, 10, 4, 5, 10, 5, 5, 00, 6, 5, 20, 7, 5, 10, 8, 5, 00, 9, 5, 00, 10, 5, 10, 11, 5, 20, 12, 5, 00, 13, 5, 10, 14, 5, 0
0, 0, 6, 00, 1, 6, 10, 2, 6, 00, 3, 6, 00, 4, 6, 10, 5, 6, 00, 6, 6, 10, 7, 6, 00, 8, 6, 00, 9, 6, 00, 10, 6, 10, 11, 6, 20, 12, 6, 00, 13, 6, 00, 14, 6, 2
0, 0, 7, 00, 1, 7, 10, 2, 7, 10, 3, 7, 10, 4, 7, 20, 5, 7, 00, 6, 7, 20, 7, 7, 10, 8, 7, 20, 9, 7, 20, 10, 7, 20, 11, 7, 10, 12, 7, 10, 13, 7, 20, 14, 7, 0
0, 0, 8, 20, 1, 8, 20, 2, 8, 10, 3, 8, 00, 4, 8, 00, 5, 8, 00, 6, 8, 00, 7, 8, 10, 8, 8, 00, 9, 8, 10, 10, 8, 20, 11, 8, 20, 12, 8, 10, 13, 8, 20, 14, 8, 2
0, 0, 9, 00, 1, 9, 20, 2, 9, 00, 3, 9, 20, 4, 9, 00, 5, 9, 20, 6, 9, 00, 7, 9, 20, 8, 9, 10, 9, 9, 20, 10, 9, 20, 11, 9, 00, 12, 9, 00, 13, 9, 00, 14, 9, 0
0, 0, 10, 10, 1, 10, 00, 2, 10, 20, 3, 10, 20, 4, 10, 10, 5, 10, 20, 6, 10, 20, 7, 10, 20, 8, 10, 10, 9, 10, 00, 10, 10, 10, 11, 10, 00, 12, 10, 20, 13, 10, 20, 14, 10, 0
0, 0, 11, 20, 1, 11, 00, 2, 11, 20, 3, 11, 00, 4, 11, 20, 5, 11, 00, 6, 11, 20, 7, 11, 20, 8, 11, 00, 9, 11, 10, 10, 11, 20, 11, 11, 20, 12, 11, 10, 13, 11, 00, 14, 11, 0
0, 0, 12, 10, 1, 12, 10, 2, 12, 10, 3, 12, 10, 4, 12, 00, 5, 12, 20, 6, 12, 10, 7, 12, 00, 8, 12, 20, 9, 12, 00, 10, 12, 10, 11, 12, 00, 12, 12, 00, 13, 12, 10, 14, 12, 2
0, 0, 13, 00, 1, 13, 00, 2, 13, 00, 3, 13, 00, 4, 13, 00, 5, 13, 00, 6, 13, 00, 7, 13, 00, 8, 13, 00, 9, 13, 00, 10, 13, 10, 11, 13, 20, 12, 13, 00, 13, 13, 00, 14, 13, 2
0, 0, 14, 10, 1, 14, 20, 2, 14, 10, 3, 14, 20, 4, 14, 00, 5, 14, 20, 6, 14, 10, 7, 14, 20, 8, 14, 20, 9, 14, 10, 10, 14, 20, 11, 14, 00, 12, 14, 10, 13, 14, 00, 14, 14, 2
1, 0, 0, 21, 1, 0, 11, 2, 0, 21, 3, 0, 21, 4, 0, 21, 5, 0, 31, 6, 0, 11, 7, 0, 21, 8, 0, 31, 9, 0, 11, 10, 0, 11, 11, 0, 11, 12, 0, 11, 13, 0, 11, 14, 0, 2
1, 0, 1, 21, 1, 1, 11, 2, 1, 21, 3, 1, 31, 4, 1, 11, 5, 1, 31, 6, 1, 31, 7, 1, 31, 8, 1, 21, 9, 1, 31, 10, 1, 11, 11, 1, 31, 12, 1, 31, 13, 1, 21, 14, 1, 3
1, 0, 2, 11, 1, 2, 21, 2, 2, 11, 3, 2, 31, 4, 2, 11, 5, 2, 11, 6, 2, 11, 7, 2, 21, 8, 2, 31, 9, 2, 21, 10, 2, 11, 11, 2, 21, 12, 2, 11, 13, 2, 21, 14, 2, 3
1, 0, 3, 11, 1, 3, 21, 2, 3, 21, 3, 3, 31, 4, 3, 21, 5, 3, 11, 6, 3, 31, 7, 3, 31, 8, 3, 21, 9, 3, 21, 10, 3, 11, 11, 3, 31, 12, 3, 31, 13, 3, 11, 14, 3, 3
1, 0, 4, 31, 1, 4, 21, 2, 4, 21, 3, 4, 21, 4, 4, 31, 5, 4, 11, 6, 4, 11, 7, 4, 21, 8, 4, 11, 9, 4, 21, 10, 4, 11, 11, 4, 31, 12, 4, 11, 13, 4, 21, 14, 4, 2
1, 0, 5, 21, 1, 5, 31, 2, 5, 21, 3, 5, 11, 4, 5, 11, 5, 5, 21, 6, 5, 31, 7, 5, 11, 8, 5, 21, 9, 5, 21, 10, 5, 11, 11, 5, 31, 12, 5, 21, 13, 5, 11, 14, 5, 2
1, 0, 6, 21, 1, 6, 11, 2, 6, 21, 3, 6, 21, 4, 6, 11, 5, 6, 21, 6, 6, 11, 7, 6, 21, 8, 6, 21, 9, 6, 21, 10, 6, 11, 11, 6, 31, 12, 6, 21, 13, 6, 21, 14, 6, 3
1, 0, 7, 21, 1, 7, 11, 2, 7, 11, 3, 7, 11, 4, 7, 31, 5, 7, 21, 6, 7, 31, 7, 7, 11, 8, 7, 31, 9, 7, 31, 10, 7, 31, 11, 7, 11, 12, 7, 11, 13, 7, 31, 14, 7, 2
1, 0, 8, 31, 1, 8, 31, 2, 8, 11, 3, 8, 21, 4, 8, 21, 5, 8, 21, 6, 8, 21, 7, 8, 11, 8, 8, 21, 9, 8, 11, 10, 8, 31, 11, 8, 31, 12, 8, 11, 13, 8, 31, 14, 8, 3
1, 0, 9, 21, 1, 9, 31, 2, 9, 21, 3, 9, 31, 4, 9, 21, 5, 9, 31, 6, 9, 21, 7, 9, 31, 8, 9, 11, 9, 9, 31, 10, 9, 31, 11, 9, 21, 12, 9, 21, 13, 9, 21, 14, 9, 2
1, 0, 10, 11, 1, 10, 21, 2, 10, 31, 3, 10, 31, 4, 10, 11, 5, 10, 31, 6, 10, 31, 7, 10, 31, 8, 10, 11, 9, 10, 21, 10, 10, 11, 11, 10, 21, 12, 10, 31, 13, 10, 31, 14, 10, 2
1, 0, 11, 31, 1, 11, 21, 2, 11, 31, 3, 11, 21, 4, 11, 31, 5, 11, 21, 6, 11, 31, 7, 11, 31, 8, 11, 21, 9, 11, 11, 10, 11, 31, 11, 11, 31, 12, 11, 11, 13, 11, 21, 14, 11, 2
1, 0, 12, 11, 1, 12, 11, 2, 12, 11, 3, 12, 11, 4, 12, 21, 5, 12, 31, 6, 12, 11, 7, 12, 21, 8, 12, 31, 9, 12, 21, 10, 12, 11, 11, 12, 21, 12, 12, 21, 13, 12, 11, 14, 12, 3
1, 0, 13, 21, 1, 13, 21, 2, 13, 21, 3, 13, 21, 4, 13, 21, 5, 13, 21, 6, 13, 21, 7, 13, 21, 8, 13, 21, 9, 13, 21, 10, 13, 11, 11, 13, 31, 12, 13, 21, 13, 13, 21, 14, 13, 3
1, 0, 14, 11, 1, 14, 31, 2, 14, 11, 3, 14, 31, 4, 14, 21, 5, 14, 31, 6, 14, 11, 7, 14, 31, 8, 14, 31, 9, 14, 11, 10, 14, 31, 11, 14, 21, 12, 14, 11, 13, 14, 21, 14, 14, 3
2, 0, 0, 32, 1, 0, 12, 2, 0, 32, 3, 0, 32, 4, 0, 32, 5, 0, 42, 6, 0, 12, 7, 0, 32, 8, 0, 42, 9, 0, 12, 10, 0, 12, 11, 0, 12, 12, 0, 12, 13, 0, 12, 14, 0, 3
2, 0, 1, 32, 1, 1, 12, 2, 1, 32, 3, 1, 42, 4, 1, 12, 5, 1, 42, 6, 1, 42, 7, 1, 42, 8, 1, 32, 9, 1, 42, 10, 1, 12, 11, 1, 42, 12, 1, 42, 13, 1, 32, 14, 1, 4
2, 0, 2, 12, 1, 2, 32, 2, 2, 12, 3, 2, 42, 4, 2, 12, 5, 2, 12, 6, 2, 12, 7, 2, 32, 8, 2, 42, 9, 2, 32, 10, 2, 12, 11, 2, 32, 12, 2, 12, 13, 2, 32, 14, 2, 4
2, 0, 3, 12, 1, 3, 32, 2, 3, 32, 3, 3, 42, 4, 3, 32, 5, 3, 12, 6, 3, 42, 7, 3, 42, 8, 3, 32, 9, 3, 32, 10, 3, 12, 11, 3, 42, 12, 3, 42, 13, 3, 12, 14, 3, 4
2, 0, 4, 42, 1, 4, 32, 2, 4, 32, 3, 4, 32, 4, 4, 42, 5, 4, 12, 6, 4, 12, 7, 4, 32, 8, 4, 12, 9, 4, 32, 10, 4, 12, 11, 4, 42, 12, 4, 12, 13, 4, 32, 14, 4, 3
2, 0, 5, 32, 1, 5, 42, 2, 5, 32, 3, 5, 12, 4, 5, 12, 5, 5, 32, 6, 5, 42, 7, 5, 12, 8, 5, 32, 9, 5, 32, 10, 5, 12, 11, 5, 42, 12, 5, 32, 13, 5, 12, 14, 5, 3
2, 0, 6, 32, 1, 6, 12, 2, 6, 32, 3, 6, 32, 4, 6, 12, 5, 6, 32, 6, 6, 12, 7, 6, 32, 8, 6, 32, 9, 6, 32, 10, 6, 12, 11, 6, 42, 12, 6, 32, 13, 6, 32, 14, 6, 4
2, 0, 7, 32, 1, 7, 12, 2, 7, 12, 3, 7, 12, 4, 7, 42, 5, 7, 32, 6, 7, 42, 7, 7, 12, 8, 7, 42, 9, 7, 42, 10, 7, 42, 11, 7, 12, 12, 7, 12, 13, 7, 42, 14, 7, 3
2, 0, 8, 42, 1, 8, 42, 2, 8, 12, 3, 8, 32, 4, 8, 32, 5, 8, 32, 6, 8, 32, 7, 8, 12, 8, 8, 32, 9, 8, 12, 10, 8, 42, 11, 8, 42, 12, 8, 12, 13, 8, 42, 14, 8, 4
2, 0, 9, 32, 1, 9, 42, 2, 9, 32, 3, 9, 42, 4, 9, 32, 5, 9, 42, 6, 9, 32, 7, 9, 42, 8, 9, 12, 9, 9, 42, 10, 9, 42, 11, 9, 32, 12, 9, 32, 13, 9, 32, 14, 9, 3
2, 0, 10, 12, 1, 10, 32, 2, 10, 42, 3, 10, 42, 4, 10, 12, 5, 10, 42, 6, 10, 42, 7, 10, 42, 8, 10, 12, 9, 10, 32, 10, 10, 12, 11, 10, 32, 12, 10, 42, 13, 10, 42, 14, 10, 3
2, 0, 11, 42, 1, 11, 32, 2, 11, 42, 3, 11, 32, 4, 11, 42, 5, 11, 32, 6, 11, 42, 7, 11, 42, 8, 11, 32, 9, 11, 12, 10, 11, 42, 11, 11, 42, 12, 11, 12, 13, 11, 32, 14, 11, 3
2, 0, 12, 12, 1, 12, 12, 2, 12, 12, 3, 12, 12, 4, 12, 32, 5, 12, 42, 6, 12, 12, 7, 12, 32, 8, 12, 42, 9, 12, 32, 10, 12, 12, 11, 12, 32, 12, 12, 32, 13, 12, 12, 14, 12, 4
2, 0, 13, 32, 1, 13, 32, 2, 13, 32, 3, 13, 32, 4, 13, 32, 5, 13, 32, 6, 13, 32, 7, 13, 32, 8, 13, 32, 9, 13, 32, 10, 13, 12, 11, 13, 42, 12, 13, 32, 13, 13, 32, 14, 13, 4
2, 0, 14, 12, 1, 14, 42, 2, 14, 12, 3, 14, 42, 4, 14, 32, 5, 14, 42, 6, 14, 12, 7, 14, 42, 8, 14, 42, 9, 14, 12, 10, 14, 42, 11, 14, 32, 12, 14, 12, 13, 14, 32, 14, 14, 4
3, 0, 0, 43, 1, 0, 13, 2, 0, 43, 3, 0, 43, 4, 0, 43, 5, 0, 53, 6, 0, 13, 7, 0, 43, 8, 0, 53, 9, 0, 13, 10, 0, 13, 11, 0, 13, 12, 0, 13, 13, 0, 13, 14, 0, 4
3, 0, 1, 43, 1, 1, 13, 2, 1, 43, 3, 1, 53, 4, 1, 13, 5, 1, 53, 6, 1, 53, 7, 1, 53, 8, 1, 43, 9, 1, 53, 10, 1, 13, 11, 1, 53, 12, 1, 53, 13, 1, 43, 14, 1, 5
3, 0, 2, 13, 1, 2, 43, 2, 2, 13, 3, 2, 53, 4, 2, 13, 5, 2, 13, 6, 2, 13, 7, 2, 43, 8, 2, 53, 9, 2, 43, 10, 2, 13, 11, 2, 43, 12, 2, 13, 13, 2, 43, 14, 2, 5
3, 0, 3, 13, 1, 3, 43, 2, 3, 43, 3, 3, 53, 4, 3, 43, 5, 3, 13, 6, 3, 53, 7, 3, 53, 8, 3, 43, 9, 3, 43, 10, 3, 13, 11, 3, 53, 12, 3, 53, 13, 3, 13, 14, 3, 5
3, 0, 4, 53, 1, 4, 43, 2, 4, 43, 3, 4, 43, 4, 4, 53, 5, 4, 13, 6, 4, 13, 7, 4, 43, 8, 4, 13, 9, 4, 43, 10, 4, 13, 11, 4, 53, 12, 4, 13, 13, 4, 43, 14, 4, 4
3, 0, 5, 43, 1, 5, 53, 2, 5, 43, 3, 5, 13, 4, 5, 13, 5, 5, 43, 6, 5, 53, 7, 5, 13, 8, 5, 43, 9, 5, 43, 10, 5, 13, 11, 5, 53, 12, 5, 43, 13, 5, 13, 14, 5, 4
3, 0, 6, 43, 1, 6, 13, 2, 6, 43, 3, 6, 43, 4, 6, 13, 5, 6, 43, 6, 6, 13, 7, 6, 43, 8, 6, 43, 9, 6, 43, 10, 6, 13, 11, 6, 53, 12, 6, 43, 13, 6, 43, 14, 6, 5
3, 0, 7, 43, 1, 7, 13, 2, 7, 13, 3, 7, 13, 4, 7, 53, 5, 7, 43, 6, 7, 53, 7, 7, 13, 8, 7, 53, 9, 7, 53, 10, 7, 53, 11, 7, 13, 12, 7, 13, 13, 7, 53, 14, 7, 4
3, 0, 8, 53, 1, 8, 53, 2, 8, 13, 3, 8, 43, 4, 8, 43, 5, 8, 43, 6, 8, 43, 7, 8, 13, 8, 8, 43, 9, 8, 13, 10, 8, 53, 11, 8, 53, 12, 8, 13, 13, 8, 53, 14, 8, 5
3, 0, 9, 43, 1, 9, 53, 2, 9, 43, 3, 9, 53, 4, 9, 43, 5, 9, 53, 6, 9, 43, 7, 9, 53, 8, 9, 13, 9, 9, 53, 10, 9, 53, 11, 9, 43, 12, 9, 43, 13, 9, 43, 14, 9, 4
3, 0, 10, 13, 1, 10, 43, 2, 10, 53, 3, 10, 53, 4, 10, 13, 5, 10, 53, 6, 10, 53, 7, 10, 53, 8, 10, 13, 9, 10, 43, 10, 10, 13, 11, 10, 43, 12, 10, 53, 13, 10, 53, 14, 10, 4
3, 0, 11, 53, 1, 11, 43, 2, 11, 53, 3, 11, 43, 4, 11, 53, 5, 11, 43, 6, 11, 53, 7, 11, 53, 8, 11, 43, 9, 11, 13, 10, 11, 53, 11, 11, 53, 12, 11, 13, 13, 11, 43, 14, 11, 4
3, 0, 12, 13, 1, 12, 13, 2, 12, 13, 3, 12, 13, 4, 12, 43, 5, 12, 53, 6, 12, 13, 7, 12, 43, 8, 12, 53, 9, 12, 43, 10, 12, 13, 11, 12, 43, 12, 12, 43, 13, 12, 13, 14, 12, 5
3, 0, 13, 43, 1, 13, 43, 2, 13, 43, 3, 13, 43, 4, 13, 43, 5, 13, 43, 6, 13, 43, 7, 13, 43, 8, 13, 43, 9, 13, 43, 10, 13, 13, 11, 13, 53, 12, 13, 43, 13, 13, 43, 14, 13, 5
3, 0, 14, 13, 1, 14, 53, 2, 14, 13, 3, 14, 53, 4, 14, 43, 5, 14, 53, 6, 14, 13, 7, 14, 53, 8, 14, 53, 9, 14, 13, 10, 14, 53, 11, 14, 43, 12, 14, 13, 13, 14, 43, 14, 14, 5
4, 0, 0, 54, 1, 0, 14, 2, 0, 54, 3, 0, 54, 4, 0, 54, 5, 0, 14, 6, 0, 14, 7, 0, 54, 8, 0, 54, 9, 0, 14, 10, 0, 14, 11, 0, 14, 12, 0, 14, 13, 0, 14, 14, 0, 5
4, 0, 1, 54, 1, 1, 14, 2, 1, 54, 3, 1, 54, 4, 1, 14, 5, 1, 54, 6, 1, 54, 7, 1, 54, 8, 1, 54, 9, 1, 54, 10, 1, 14, 11, 1, 54, 12, 1, 54, 13, 1, 54, 14, 1, 5
4, 0, 2, 14, 1, 2, 54, 2, 2, 14, 3, 2, 54, 4, 2, 14, 5, 2, 14, 6, 2, 14, 7, 2, 54, 8, 2, 54, 9, 2, 54, 10, 2, 14, 11, 2, 54, 12, 2, 14, 13, 2, 54, 14, 2, 5
4, 0, 3, 14, 1, 3, 54, 2, 3, 54, 3, 3, 54, 4, 3, 54, 5, 3, 14, 6, 3, 54, 7, 3, 54, 8, 3, 54, 9, 3, 54, 10, 3, 14, 11, 3, 54, 12, 3, 54, 13, 3, 14, 14, 3, 5
4, 0, 4, 54, 1, 4, 54, 2, 4, 54, 3, 4, 54, 4, 4, 54, 5, 4, 14, 6, 4, 14, 7, 4, 54, 8, 4, 14, 9, 4, 54, 10, 4, 14, 11, 4, 54, 12, 4, 14, 13, 4, 54, 14, 4, 5
4, 0, 5, 54, 1, 5, 54, 2, 5, 54, 3, 5, 14, 4, 5, 14, 5, 5, 54, 6, 5, 54, 7, 5, 14, 8, 5, 54, 9, 5, 54, 10, 5, 14, 11, 5, 54, 12, 5, 54, 13, 5, 14, 14, 5, 5
4, 0, 6, 54, 1, 6, 14, 2, 6, 54, 3, 6, 54, 4, 6, 14, 5, 6, 54, 6, 6, 14, 7, 6, 54, 8, 6, 54, 9, 6, 54, 10, 6, 14, 11, 6, 54, 12, 6, 54, 13, 6, 54, 14, 6, 5
4, 0, 7, 54, 1, 7, 14, 2, 7, 14, 3, 7, 14, 4, 7, 54, 5, 7, 54, 6, 7, 54, 7, 7, 14, 8, 7, 54, 9, 7, 54, 10, 7, 54, 11, 7, 14, 12, 7, 14, 13, 7, 54, 14, 7, 5
4, 0, 8, 54, 1, 8, 54, 2, 8, 14, 3, 8, 54, 4, 8, 54, 5, 8, 54, 6, 8, 54, 7, 8, 14, 8, 8, 54, 9, 8, 14, 10, 8, 54, 11, 8, 54, 12, 8, 14, 13, 8, 54, 14, 8, 5
4, 0, 9, 54, 1, 9, 54, 2, 9, 54, 3, 9, 54, 4, 9, 54, 5, 9, 54, 6, 9, 54, 7, 9, 54, 8, 9, 14, 9, 9, 54, 10, 9, 54, 11, 9, 54, 12, 9, 54, 13, 9, 54, 14, 9, 5
4, 0, 10, 14, 1, 10, 54, 2, 10, 54, 3, 10, 54, 4, 10, 14, 5, 10, 54, 6, 10, 54, 7, 10, 54, 8, 10, 14, 9, 10, 54, 10, 10, 14, 11, 10, 54, 12, 10, 54, 13, 10, 54, 14, 10, 5
4, 0, 11, 14, 1, 11, 54, 2, 11, 54, 3, 11, 54, 4, 11, 54, 5, 11, 54, 6, 11, 54, 7, 11, 54, 8, 11, 54, 9, 11, 14, 10, 11, 54, 11, 11, 54, 12, 11, 14, 13, 11, 54, 14, 11, 5
4, 0, 12, 14, 1, 12, 14, 2, 12, 14, 3, 12, 14, 4, 12, 54, 5, 12, 54, 6, 12, 14, 7, 12, 54, 8, 12, 54, 9, 12, 54, 10, 12, 14, 11, 12, 54, 12, 12, 54, 13, 12, 14, 14, 12, 5
4, 0, 13, 54, 1, 13, 54, 2, 13, 54, 3, 13, 54, 4, 13, 54, 5, 13, 54, 6, 13, 54, 7, 13, 54, 8, 13, 54, 9, 13, 54, 10, 13, 14, 11, 13, 54, 12, 13, 54, 13, 13, 54, 14, 13, 5
4, 0, 14, 14, 1, 14, 14, 2, 14, 14, 3, 14, 54, 4, 14, 54, 5, 14, 54, 6, 14, 14, 7, 14, 54, 8, 14, 54, 9, 14, 14, 10, 14, 14, 11, 14, 54, 12, 14, 14, 13, 14, 54, 14, 14, 5
5, 0, 0, 15, 1, 0, 15, 2, 0, 15, 3, 0, 55, 4, 0, 15, 5, 0, 15, 6, 0, 15, 7, 0, 55, 8, 0, 55, 9, 0, 15, 10, 0, 15, 11, 0, 15, 12, 0, 15, 13, 0, 15, 14, 0, 5
5, 0, 1, 15, 1, 1, 15, 2, 1, 55, 3, 1, 55, 4, 1, 15, 5, 1, 55, 6, 1, 55, 7, 1, 55, 8, 1, 55, 9, 1, 55, 10, 1, 15, 11, 1, 55, 12, 1, 55, 13, 1, 55, 14, 1, 5
5, 0, 2, 15, 1, 2, 55, 2, 2, 15, 3, 2, 55, 4, 2, 15, 5, 2, 15, 6, 2, 15, 7, 2, 55, 8, 2, 55, 9, 2, 55, 10, 2, 15, 11, 2, 55, 12, 2, 15, 13, 2, 55, 14, 2, 5
5, 0, 3, 15, 1, 3, 55, 2, 3, 55, 3, 3, 55, 4, 3, 55, 5, 3, 15, 6, 3, 55, 7, 3, 55, 8, 3, 55, 9, 3, 55, 10, 3, 15, 11, 3, 55, 12, 3, 55, 13, 3, 15, 14, 3, 5
5, 0, 4, 55, 1, 4, 55, 2, 4, 55, 3, 4, 55, 4, 4, 55, 5, 4, 15, 6, 4, 15, 7, 4, 55, 8, 4, 15, 9, 4, 55, 10, 4, 15, 11, 4, 55, 12, 4, 15, 13, 4, 55, 14, 4, 1
5, 0, 5, 55, 1, 5, 55, 2, 5, 55, 3, 5, 15, 4, 5, 15, 5, 5, 55, 6, 5, 55, 7, 5, 15, 8, 5, 55, 9, 5, 55, 10, 5, 15, 11, 5, 55, 12, 5, 55, 13, 5, 15, 14, 5, 5
5, 0, 6, 15, 1, 6, 15, 2, 6, 55, 3, 6, 55, 4, 6, 15, 5, 6, 55, 6, 6, 15, 7, 6, 55, 8, 6, 55, 9, 6, 55, 10, 6, 15, 11, 6, 55, 12, 6, 55, 13, 6, 55, 14, 6, 5
5, 0, 7, 15, 1, 7, 15, 2, 7, 15, 3, 7, 15, 4, 7, 55, 5, 7, 55, 6, 7, 55, 7, 7, 15, 8, 7, 55, 9, 7, 55, 10, 7, 55, 11, 7, 15, 12, 7, 15, 13, 7, 55, 14, 7, 5
5, 0, 8, 55, 1, 8, 55, 2, 8, 15, 3, 8, 55, 4, 8, 55, 5, 8, 55, 6, 8, 55, 7, 8, 15, 8, 8, 55, 9, 8, 15, 10, 8, 55, 11, 8, 55, 12, 8, 15, 13, 8, 55, 14, 8, 5
5, 0, 9, 55, 1, 9, 55, 2, 9, 55, 3, 9, 55, 4, 9, 55, 5, 9, 55, 6, 9, 55, 7, 9, 55, 8, 9, 15, 9, 9, 55, 10, 9, 55, 11, 9, 55, 12, 9, 55, 13, 9, 55, 14, 9, 5
5, 0, 10, 15, 1, 10, 55, 2, 10, 55, 3, 10, 55, 4, 10, 15, 5, 10, 55, 6, 10, 55, 7, 10, 55, 8, 10, 15, 9, 10, 55, 10, 10, 15, 11, 10, 55, 12, 10, 55, 13, 10, 55, 14, 10, 5
5, 0, 11, 15, 1, 11, 55, 2, 11, 55, 3, 11, 55, 4, 11, 55, 5, 11, 55, 6, 11, 55, 7, 11, 55, 8, 11, 55, 9, 11, 15, 10, 11, 55, 11, 11, 55, 12, 11, 15, 13, 11, 55, 14, 11, 5
5, 0, 12, 15, 1, 12, 15, 2, 12, 15, 3, 12, 15, 4, 12, 55, 5, 12, 55, 6, 12, 15, 7, 12, 55, 8, 12, 55, 9, 12, 55, 10, 12, 15, 11, 12, 55, 12, 12, 55, 13, 12, 15, 14, 12, 5
5, 0, 13, 15, 1, 13, 55, 2, 13, 55, 3, 13, 55, 4, 13, 55, 5, 13, 55, 6, 13, 55, 7, 13, 55, 8, 13, 55, 9, 13, 55, 10, 13, 15, 11, 13, 55, 12, 13, 55, 13, 13, 55, 14, 13, 5
5, 0, 14, 15, 1, 14, 15, 2, 14, 15, 3, 14, 55, 4, 14, 55, 5, 14, 55, 6, 14, 15, 7, 14, 55, 8, 14, 55, 9, 14, 15, 10, 14, 15, 11, 14, 15, 12, 14, 15, 13, 14, 55, 14, 14, 5
6, 0, 0, 16, 1, 0, 16, 2, 0, 16, 3, 0, 16, 4, 0, 16, 5, 0, 16, 6, 0, 16, 7, 0, 56, 8, 0, 56, 9, 0, 16, 10, 0, 16, 11, 0, 16, 12, 0, 16, 13, 0, 16, 14, 0, 5
6, 0, 1, 16, 1, 1, 16, 2, 1, 56, 3, 1, 56, 4, 1, 16, 5, 1, 56, 6, 1, 56, 7, 1, 56, 8, 1, 56, 9, 1, 56, 10, 1, 16, 11, 1, 56, 12, 1, 56, 13, 1, 56, 14, 1, 5
6, 0, 2, 16, 1, 2, 56, 2, 2, 16, 3, 2, 56, 4, 2, 16, 5, 2, 16, 6, 2, 16, 7, 2, 56, 8, 2, 56, 9, 2, 56, 10, 2, 16, 11, 2, 56, 12, 2, 16, 13, 2, 56, 14, 2, 5
6, 0, 3, 16, 1, 3, 56, 2, 3, 56, 3, 3, 56, 4, 3, 56, 5, 3, 16, 6, 3, 56, 7, 3, 56, 8, 3, 56, 9, 3, 56, 10, 3, 16, 11, 3, 56, 12, 3, 56, 13, 3, 16, 14, 3, 1
6, 0, 4, 56, 1, 4, 56, 2, 4, 56, 3, 4, 56, 4, 4, 56, 5, 4, 16, 6, 4, 16, 7, 4, 56, 8, 4, 16, 9, 4, 56, 10, 4, 16, 11, 4, 56, 12, 4, 16, 13, 4, 56, 14, 4, 1
6, 0, 5, 16, 1, 5, 56, 2, 5, 56, 3, 5, 16, 4, 5, 16, 5, 5, 56, 6, 5, 56, 7, 5, 16, 8, 5, 56, 9, 5, 56, 10, 5, 16, 11, 5, 56, 12, 5, 56, 13, 5, 16, 14, 5, 1
6, 0, 6, 16, 1, 6, 16, 2, 6, 56, 3, 6, 56, 4, 6, 16, 5, 6, 56, 6, 6, 16, 7, 6, 56, 8, 6, 56, 9, 6, 56, 10, 6, 16, 11, 6, 56, 12, 6, 56, 13, 6, 56, 14, 6, 5
6, 0, 7, 16, 1, 7, 16, 2, 7, 16, 3, 7, 16, 4, 7, 56, 5, 7, 56, 6, 7, 56, 7, 7, 16, 8, 7, 56, 9, 7, 56, 10, 7, 56, 11, 7, 16, 12, 7, 16, 13, 7, 56, 14, 7, 5
6, 0, 8, 16, 1, 8, 56, 2, 8, 16, 3, 8, 56, 4, 8, 56, 5, 8, 56, 6, 8, 56, 7, 8, 16, 8, 8, 56, 9, 8, 16, 10, 8, 56, 11, 8, 56, 12, 8, 16, 13, 8, 56, 14, 8, 5
6, 0, 9, 56, 1, 9, 56, 2, 9, 56, 3, 9, 56, 4, 9, 56, 5, 9, 56, 6, 9, 56, 7, 9, 56, 8, 9, 16, 9, 9, 56, 10, 9, 56, 11, 9, 56, 12, 9, 56, 13, 9, 56, 14, 9, 5
6, 0, 10, 16, 1, 10, 56, 2, 10, 56, 3, 10, 56, 4, 10, 16, 5, 10, 56, 6, 10, 56, 7, 10, 56, 8, 10, 16, 9, 10, 56, 10, 10, 16, 11, 10, 56, 12, 10, 56, 13, 10, 56, 14, 10, 5
6, 0, 11, 16, 1, 11, 56, 2, 11, 56, 3, 11, 56, 4, 11, 56, 5, 11, 56, 6, 11, 56, 7, 11, 56, 8, 11, 56, 9, 11, 16, 10, 11, 56, 11, 11, 56, 12, 11, 16, 13, 11, 56, 14, 11, 5
6, 0, 12, 16, 1, 12, 16, 2, 12, 16, 3, 12, 16, 4, 12, 56, 5, 12, 56, 6, 12, 16, 7, 12, 56, 8, 12, 56, 9, 12, 56, 10, 12, 16, 11, 12, 56, 12, 12, 56, 13, 12, 16, 14, 12, 5
6, 0, 13, 16, 1, 13, 56, 2, 13, 56, 3, 13, 56, 4, 13, 56, 5, 13, 56, 6, 13, 56, 7, 13, 56, 8, 13, 56, 9, 13, 56, 10, 13, 16, 11, 13, 56, 12, 13, 56, 13, 13, 56, 14, 13, 5
6, 0, 14, 16, 1, 14, 16, 2, 14, 16, 3, 14, 56, 4, 14, 56, 5, 14, 56, 6, 14, 16, 7, 14, 56, 8, 14, 56, 9, 14, 16, 10, 14, 16, 11, 14, 16, 12, 14, 16, 13, 14, 56, 14, 14, 5
7, 0, 0, 17, 1, 0, 17, 2, 0, 17, 3, 0, 17, 4, 0, 17, 5, 0, 17, 6, 0, 17, 7, 0, 57, 8, 0, 57, 9, 0, 17, 10, 0, 17, 11, 0, 17, 12, 0, 17, 13, 0, 17, 14, 0, 5
7, 0, 1, 17, 1, 1, 17, 2, 1, 57, 3, 1, 57, 4, 1, 17, 5, 1, 57, 6, 1, 57, 7, 1, 57, 8, 1, 57, 9, 1, 57, 10, 1, 17, 11, 1, 57, 12, 1, 57, 13, 1, 57, 14, 1, 5
7, 0, 2, 17, 1, 2, 57, 2, 2, 17, 3, 2, 57, 4, 2, 17, 5, 2, 17, 6, 2, 17, 7, 2, 57, 8, 2, 57, 9, 2, 57, 10, 2, 17, 11, 2, 57, 12, 2, 17, 13, 2, 57, 14, 2, 1
7, 0, 3, 17, 1, 3, 57, 2, 3, 57, 3, 3, 57, 4, 3, 57, 5, 3, 17, 6, 3, 57, 7, 3, 57, 8, 3, 57, 9, 3, 57, 10, 3, 17, 11, 3, 57, 12, 3, 57, 13, 3, 17, 14, 3, 1
7, 0, 4, 17, 1, 4, 57, 2, 4, 57, 3, 4, 57, 4, 4, 57, 5, 4, 17, 6, 4, 17, 7, 4, 57, 8, 4, 17, 9, 4, 57, 10, 4, 17, 11, 4, 57, 12, 4, 17, 13, 4, 57, 14, 4, 1
7, 0, 5, 17, 1, 5, 57, 2, 5, 57, 3, 5, 17, 4, 5, 17, 5, 5, 57, 6, 5, 57, 7, 5, 17, 8, 5, 57, 9, 5, 57, 10, 5, 17, 11, 5, 57, 12, 5, 57, 13, 5, 17, 14, 5, 1
7, 0, 6, 17, 1, 6, 17, 2, 6, 57, 3, 6, 57, 4, 6, 17, 5, 6, 57, 6, 6, 17, 7, 6, 57, 8, 6, 57, 9, 6, 57, 10, 6, 17, 11, 6, 57, 12, 6, 57, 13, 6, 57, 14, 6, 1
7, 0, 7, 17, 1, 7, 17, 2, 7, 17, 3, 7, 17, 4, 7, 57, 5, 7, 57, 6, 7, 57, 7, 7, 17, 8, 7, 57, 9, 7, 57, 10, 7, 57, 11, 7, 17, 12, 7, 17, 13, 7, 57, 14, 7, 5
7, 0, 8, 17, 1, 8, 57, 2, 8, 17, 3, 8, 57, 4, 8, 57, 5, 8, 57, 6, 8, 57, 7, 8, 17, 8, 8, 57, 9, 8, 17, 10, 8, 57, 11, 8, 57, 12, 8, 17, 13, 8, 57, 14, 8, 5
7, 0, 9, 17, 1, 9, 57, 2, 9, 57, 3, 9, 57, 4, 9, 57, 5, 9, 57, 6, 9, 57, 7, 9, 57, 8, 9, 17, 9, 9, 57, 10, 9, 57, 11, 9, 57, 12, 9, 57, 13, 9, 57, 14, 9, 5
7, 0, 10, 17, 1, 10, 57, 2, 10, 57, 3, 10, 57, 4, 10, 17, 5, 10, 57, 6, 10, 57, 7, 10, 57, 8, 10, 17, 9, 10, 57, 10, 10, 17, 11, 10, 57, 12, 10, 57, 13, 10, 57, 14, 10, 5
7, 0, 11, 17, 1, 11, 57, 2, 11, 57, 3, 11, 57, 4, 11, 57, 5, 11, 57, 6, 11, 57, 7, 11, 57, 8, 11, 57, 9, 11, 17, 10, 11, 57, 11, 11, 57, 12, 11, 17, 13, 11, 57, 14, 11, 5
7, 0, 12, 17, 1, 12, 17, 2, 12, 17, 3, 12, 17, 4, 12, 57, 5, 12, 57, 6, 12, 17, 7, 12, 57, 8, 12, 57, 9, 12, 57, 10, 12, 17, 11, 12, 57, 12, 12, 57, 13, 12, 17, 14, 12, 5
7, 0, 13, 17, 1, 13, 57, 2, 13, 57, 3, 13, 57, 4, 13, 57, 5, 13, 57, 6, 13, 57, 7, 13, 57, 8, 13, 57, 9, 13, 57, 10, 13, 17, 11, 13, 57, 12, 13, 57, 13, 13, 57, 14, 13, 5
7, 0, 14, 17, 1, 14, 17, 2, 14, 17, 3, 14, 57, 4, 14, 57, 5, 14, 57, 6, 14, 17, 7, 14, 57, 8, 14, 57, 9, 14, 17, 10, 14, 17, 11, 14, 17, 12, 14, 17, 13, 14, 57, 14, 14, 5
8, 0, 0, 18, 1, 0, 18, 2, 0, 18, 3, 0, 18, 4, 0, 18, 5, 0, 18, 6, 0, 18, 7, 0, 58, 8, 0, 58, 9, 0, 18, 10, 0, 18, 11, 0, 18, 12, 0, 18, 13, 0, 18, 14, 0, 5
8, 0, 1, 18, 1, 1, 18, 2, 1, 58, 3, 1, 58, 4, 1, 18, 5, 1, 58, 6, 1, 58, 7, 1, 58, 8, 1, 58, 9, 1, 58, 10, 1, 18, 11, 1, 58, 12, 1, 58, 13, 1, 58, 14, 1, 1
8, 0, 2, 18, 1, 2, 58, 2, 2, 18, 3, 2, 58, 4, 2, 18, 5, 2, 18, 6, 2, 18, 7, 2, 58, 8, 2, 58, 9, 2, 58, 10, 2, 18, 11, 2, 58, 12, 2, 18, 13, 2, 58, 14, 2, 1
8, 0, 3, 18, 1, 3, 58, 2, 3, 58, 3, 3, 58, 4, 3, 58, 5, 3, 18, 6, 3, 58, 7, 3, 58, 8, 3, 58, 9, 3, 58, 10, 3, 18, 11, 3, 58, 12, 3, 58, 13, 3, 18, 14, 3, 1
8, 0, 4, 18, 1, 4, 58, 2, 4, 58, 3, 4, 58, 4, 4, 58, 5, 4, 18, 6, 4, 18, 7, 4, 58, 8, 4, 18, 9, 4, 58, 10, 4, 18, 11, 4, 58, 12, 4, 18, 13, 4, 58, 14, 4, 1
8, 0, 5, 18, 1, 5, 58, 2, 5, 58, 3, 5, 18, 4, 5, 18, 5, 5, 58, 6, 5, 58, 7, 5, 18, 8, 5, 58, 9, 5, 58, 10, 5, 18, 11, 5, 58, 12, 5, 58, 13, 5, 18, 14, 5, 1
8, 0, 6, 18, 1, 6, 18, 2, 6, 58, 3, 6, 58, 4, 6, 18, 5, 6, 58, 6, 6, 18, 7, 6, 58, 8, 6, 58, 9, 6, 58, 10, 6, 18, 11, 6, 58, 12, 6, 58, 13, 6, 58, 14, 6, 1
8, 0, 7, 18, 1, 7, 18, 2, 7, 18, 3, 7, 18, 4, 7, 58, 5, 7, 58, 6, 7, 58, 7, 7, 18, 8, 7, 58, 9, 7, 58, 10, 7, 58, 11, 7, 18, 12, 7, 18, 13, 7, 58, 14, 7, 5
8, 0, 8, 18, 1, 8, 58, 2, 8, 18, 3, 8, 58, 4, 8, 58, 5, 8, 58, 6, 8, 58, 7, 8, 18, 8, 8, 58, 9, 8, 18, 10, 8, 58, 11, 8, 58, 12, 8, 18, 13, 8, 58, 14, 8, 5
8, 0, 9, 18, 1, 9, 58, 2, 9, 58, 3, 9, 58, 4, 9, 58, 5, 9, 58, 6, 9, 58, 7, 9, 58, 8, 9, 18, 9, 9, 58, 10, 9, 58, 11, 9, 58, 12, 9, 58, 13, 9, 58, 14, 9, 5
8, 0, 10, 18, 1, 10, 58, 2, 10, 58, 3, 10, 58, 4, 10, 18, 5, 10, 58, 6, 10, 58, 7, 10, 58, 8, 10, 18, 9, 10, 58, 10, 10, 18, 11, 10, 58, 12, 10, 58, 13, 10, 58, 14, 10, 5
8, 0, 11, 18, 1, 11, 58, 2, 11, 58, 3, 11, 58, 4, 11, 58, 5, 11, 58, 6, 11, 58, 7, 11, 58, 8, 11, 58, 9, 11, 18, 10, 11, 58, 11, 11, 58, 12, 11, 18, 13, 11, 58, 14, 11, 5
8, 0, 12, 18, 1, 12, 18, 2, 12, 18, 3, 12, 18, 4, 12, 58, 5, 12, 58, 6, 12, 18, 7, 12, 58, 8, 12, 58, 9, 12, 58, 10, 12, 18, 11, 12, 58, 12, 12, 58, 13, 12, 18, 14, 12, 5
8, 0, 13, 18, 1, 13, 58, 2, 13, 58, 3, 13, 58, 4, 13, 58, 5, 13, 58, 6, 13, 58, 7, 13, 58, 8, 13, 58, 9, 13, 58, 10, 13, 18, 11, 13, 58, 12, 13, 58, 13, 13, 58, 14, 13, 5
8, 0, 14, 18, 1, 14, 18, 2, 14, 18, 3, 14, 58, 4, 14, 58, 5, 14, 58, 6, 14, 18, 7, 14, 58, 8, 14, 58, 9, 14, 18, 10, 14, 18, 11, 14, 18, 12, 14, 18, 13, 14, 58, 14, 14, 5
9, 0, 0, 19, 1, 0, 19, 2, 0, 19, 3, 0, 19, 4, 0, 19, 5, 0, 19, 6, 0, 19, 7, 0, 59, 8, 0, 59, 9, 0, 19, 10, 0, 19, 11, 0, 19, 12, 0, 19, 13, 0, 19, 14, 0, 1
9, 0, 1, 19, 1, 1, 19, 2, 1, 59, 3, 1, 59, 4, 1, 19, 5, 1, 59, 6, 1, 59, 7, 1, 59, 8, 1, 59, 9, 1, 59, 10, 1, 19, 11, 1, 59, 12, 1, 59, 13, 1, 59, 14, 1, 1
9, 0, 2, 19, 1, 2, 59, 2, 2, 19, 3, 2, 59, 4, 2, 19, 5, 2, 19, 6, 2, 19, 7, 2, 59, 8, 2, 59, 9, 2, 59, 10, 2, 19, 11, 2, 59, 12, 2, 19, 13, 2, 59, 14, 2, 1
9, 0, 3, 19, 1, 3, 59, 2, 3, 59, 3, 3, 59, 4, 3, 59, 5, 3, 19, 6, 3, 59, 7, 3, 59, 8, 3, 59, 9, 3, 59, 10, 3, 19, 11, 3, 59, 12, 3, 59, 13, 3, 19, 14, 3, 1
9, 0, 4, 19, 1, 4, 59, 2, 4, 59, 3, 4, 59, 4, 4, 59, 5, 4, 19, 6, 4, 19, 7, 4, 59, 8, 4, 19, 9, 4, 59, 10, 4, 19, 11, 4, 59, 12, 4, 19, 13, 4, 59, 14, 4, 1
9, 0, 5, 19, 1, 5, 59, 2, 5, 59, 3, 5, 19, 4, 5, 19, 5, 5, 59, 6, 5, 59, 7, 5, 19, 8, 5, 59, 9, 5, 59, 10, 5, 19, 11, 5, 59, 12, 5, 59, 13, 5, 19, 14, 5, 1
9, 0, 6, 19, 1, 6, 19, 2, 6, 59, 3, 6, 59, 4, 6, 19, 5, 6, 59, 6, 6, 19, 7, 6, 59, 8, 6, 59, 9, 6, 59, 10, 6, 19, 11, 6, 59, 12, 6, 59, 13, 6, 59, 14, 6, 1
9, 0, 7, 19, 1, 7, 19, 2, 7, 19, 3, 7, 19, 4, 7, 59, 5, 7, 59, 6, 7, 59, 7, 7, 19, 8, 7, 59, 9, 7, 59, 10, 7, 59, 11, 7, 19, 12, 7, 19, 13, 7, 59, 14, 7, 5
9, 0, 8, 19, 1, 8, 59, 2, 8, 19, 3, 8, 59, 4, 8, 59, 5, 8, 59, 6, 8, 59, 7, 8, 19, 8, 8, 59, 9, 8, 19, 10, 8, 59, 11, 8, 59, 12, 8, 19, 13, 8, 59, 14, 8, 5
9, 0, 9, 19, 1, 9, 59, 2, 9, 59, 3, 9, 59, 4, 9, 59, 5, 9, 59, 6, 9, 59, 7, 9, 59, 8, 9, 19, 9, 9, 59, 10, 9, 59, 11, 9, 59, 12, 9, 59, 13, 9, 59, 14, 9, 5
9, 0, 10, 19, 1, 10, 59, 2, 10, 59, 3, 10, 59, 4, 10, 19, 5, 10, 59, 6, 10, 59, 7, 10, 59, 8, 10, 19, 9, 10, 59, 10, 10, 19, 11, 10, 59, 12, 10, 59, 13, 10, 59, 14, 10, 5
9, 0, 11, 19, 1, 11, 59, 2, 11, 59, 3, 11, 59, 4, 11, 59, 5, 11, 59, 6, 11, 59, 7, 11, 59, 8, 11, 59, 9, 11, 19, 10, 11, 59, 11, 11, 59, 12, 11, 19, 13, 11, 59, 14, 11, 5
9, 0, 12, 19, 1, 12, 19, 2, 12, 19, 3, 12, 19, 4, 12, 59, 5, 12, 59, 6, 12, 19, 7, 12, 59, 8, 12, 59, 9, 12, 59, 10, 12, 19, 11, 12, 59, 12, 12, 59, 13, 12, 19, 14, 12, 5
9, 0, 13, 19, 1, 13, 59, 2, 13, 59, 3, 13, 59, 4, 13, 59, 5, 13, 59, 6, 13, 59, 7, 13, 59, 8, 13, 59, 9, 13, 59, 10, 13, 19, 11, 13, 59, 12, 13, 59, 13, 13, 59, 14, 13, 5
9, 0, 14, 19, 1, 14, 19, 2, 14, 19, 3, 14, 59, 4, 14, 59, 5, 14, 59, 6, 14, 19, 7, 14, 59, 8, 14, 59, 9, 14, 19, 10, 14, 19, 11, 14, 19, 12, 14, 19, 13, 14, 59, 14, 14, 5
10, 0, 0, 110, 1, 0, 110, 2, 0, 110, 3, 0, 110, 4, 0, 110, 5, 0, 110, 6, 0, 110, 7, 0, 510, 8, 0, 510, 9, 0, 110, 10, 0, 110, 11, 0, 110, 12, 0, 110, 13, 0, 110, 14, 0, 1
10, 0, 1, 110, 1, 1, 110, 2, 1, 510, 3, 1, 510, 4, 1, 110, 5, 1, 510, 6, 1, 510, 7, 1, 510, 8, 1, 510, 9, 1, 510, 10, 1, 110, 11, 1, 510, 12, 1, 510, 13, 1, 510, 14, 1, 1
10, 0, 2, 110, 1, 2, 510, 2, 2, 110, 3, 2, 510, 4, 2, 110, 5, 2, 110, 6, 2, 110, 7, 2, 510, 8, 2, 510, 9, 2, 510, 10, 2, 110, 11, 2, 510, 12, 2, 110, 13, 2, 510, 14, 2, 1
10, 0, 3, 110, 1, 3, 510, 2, 3, 510, 3, 3, 510, 4, 3, 510, 5, 3, 110, 6, 3, 510, 7, 3, 510, 8, 3, 510, 9, 3, 510, 10, 3, 110, 11, 3, 510, 12, 3, 510, 13, 3, 110, 14, 3, 1
10, 0, 4, 110, 1, 4, 510, 2, 4, 510, 3, 4, 510, 4, 4, 510, 5, 4, 110, 6, 4, 110, 7, 4, 510, 8, 4, 110, 9, 4, 510, 10, 4, 110, 11, 4, 510, 12, 4, 110, 13, 4, 510, 14, 4, 1
10, 0, 5, 110, 1, 5, 510, 2, 5, 510, 3, 5, 110, 4, 5, 110, 5, 5, 510, 6, 5, 510, 7, 5, 110, 8, 5, 510, 9, 5, 510, 10, 5, 110, 11, 5, 510, 12, 5, 510, 13, 5, 110, 14, 5, 1
10, 0, 6, 110, 1, 6, 110, 2, 6, 510, 3, 6, 510, 4, 6, 110, 5, 6, 510, 6, 6, 110, 7, 6, 510, 8, 6, 510, 9, 6, 510, 10, 6, 110, 11, 6, 510, 12, 6, 510, 13, 6, 510, 14, 6, 1
10, 0, 7, 110, 1, 7, 110, 2, 7, 110, 3, 7, 110, 4, 7, 510, 5, 7, 510, 6, 7, 510, 7, 7, 110, 8, 7, 510, 9, 7, 510, 10, 7, 510, 11, 7, 110, 12, 7, 110, 13, 7, 510, 14, 7, 5
10, 0, 8, 110, 1, 8, 510, 2, 8, 110, 3, 8, 510, 4, 8, 510, 5, 8, 510, 6, 8, 510, 7, 8, 110, 8, 8, 510, 9, 8, 110, 10, 8, 510, 11, 8, 510, 12, 8, 110, 13, 8, 510, 14, 8, 5
10, 0, 9, 110, 1, 9, 510, 2, 9, 510, 3, 9, 510, 4, 9, 510, 5, 9, 510, 6, 9, 510, 7, 9, 510, 8, 9, 110, 9, 9, 510, 10, 9, 510, 11, 9, 510, 12, 9, 510, 13, 9, 510, 14, 9, 5
10, 0, 10, 110, 1, 10, 510, 2, 10, 510, 3, 10, 510, 4, 10, 110, 5, 10, 510, 6, 10, 510, 7, 10, 510, 8, 10, 110, 9, 10, 510, 10, 10, 110, 11, 10, 510, 12, 10, 510, 13, 10, 510, 14, 10, 5
10, 0, 11, 110, 1, 11, 510, 2, 11, 510, 3, 11, 510, 4, 11, 510, 5, 11, 510, 6, 11, 510, 7, 11, 510, 8, 11, 510, 9, 11, 110, 10, 11, 510, 11, 11, 510, 12, 11, 110, 13, 11, 510, 14, 11, 5
10, 0, 12, 110, 1, 12, 110, 2, 12, 110, 3, 12, 110, 4, 12, 510, 5, 12, 510, 6, 12, 110, 7, 12, 510, 8, 12, 510, 9, 12, 510, 10, 12, 110, 11, 12, 510, 12, 12, 510, 13, 12, 110, 14, 12, 5
10, 0, 13, 110, 1, 13, 510, 2, 13, 510, 3, 13, 510, 4, 13, 510, 5, 13, 510, 6, 13, 510, 7, 13, 510, 8, 13, 510, 9, 13, 510, 10, 13, 110, 11, 13, 510, 12, 13, 510, 13, 13, 510, 14, 13, 5
10, 0, 14, 110, 1, 14, 110, 2, 14, 110, 3, 14, 510, 4, 14, 510, 5, 14, 510, 6, 14, 110, 7, 14, 510, 8, 14, 510, 9, 14, 110, 10, 14, 110, 11, 14, 110, 12, 14, 110, 13, 14, 510, 14, 14, 5
15
15
6
1
0
Fixed
Moore
time_step, x, y, value
0, 0, 0, 00, 1, 0, 10, 2, 0, 00, 3, 0, 00, 4, 0, 00, 5, 0, 20, 6, 0, 10, 7, 0, 00, 8, 0, 20, 9, 0, 10, 10, 0, 10, 11, 0, 10, 12, 0, 10, 13, 0, 10, 14, 0, 0
0, 0, 1, 00, 1, 1, 10, 2, 1, 00, 3, 1, 20, 4, 1, 10, 5, 1, 20, 6, 1, 20, 7, 1, 20, 8, 1, 00, 9, 1, 20, 10, 1, 10, 11, 1, 20, 12, 1, 20, 13, 1, 00, 14, 1, 2
0, 0, 2, 10, 1, 2, 00, 2, 2, 10, 3, 2, 20, 4, 2, 10, 5, 2, 10, 6, 2, 10, 7, 2, 00, 8, 2, 20, 9, 2, 00, 10, 2, 10, 11, 2, 00, 12, 2, 10, 13, 2, 00, 14, 2, 2
0, 0, 3, 10, 1, 3, 00, 2, 3, 00, 3, 3, 20, 4, 3, 00, 5, 3, 10, 6, 3, 20, 7, 3, 20, 8, 3, 00, 9, 3, 00, 10, 3, 10, 11, 3, 20, 12, 3, 20, 13, 3, 10, 14, 3, 2
0, 0, 4, 20, 1, 4, 00, 2, 4, 00, 3, 4, 00, 4, 4, 20, 5, 4, 10, 6, 4, 10, 7, 4, 00, 8, 4, 10, 9, 4, 00, 10, 4, 10, 11, 4, 20, 12, 4, 10, 13, 4, 00, 14, 4, 0
0, 0, 5, 00, 1, 5, 20, 2, 5, 00, 3, 5, 10, 4, 5, 10, 5, 5, 00, 6, 5, 20, 7, 5, 10, 8, 5, 00, 9, 5, 00, 10, 5, 10, 11, 5, 20, 12, 5, 00, 13, 5, 10, 14, 5, 0
0, 0, 6, 00, 1, 6, 10, 2, 6, 00, 3, 6, 00, 4, 6, 10, 5, 6, 00, 6, 6, 10, 7, 6, 00, 8, 6, 00, 9, 6, 00, 10, 6, 10, 11, 6, 20, 12, 6, 00, 13, 6, 00, 14, 6, 2
0, 0, 7, 00, 1, 7, 10, 2, 7, 10, 3, 7, 10, 4, 7, 20, 5, 7, 00, 6, 7, 20, 7, 7, 10, 8, 7, 20, 9, 7, 20, 10, 7, 20, 11, 7, 10, 12, 7, 10, 13, 7, 20, 14, 7, 0
0, 0, 8, 20, 1, 8, 20, 2, 8, 10, 3, 8, 00, 4, 8, 00, 5, 8, 00, 6, 8, 00, 7, 8, 10, 8, 8, 00, 9, 8, 10, 10, 8, 20, 11, 8, 20, 12, 8, 10, 13, 8, 20, 14, 8, 2
0, 0, 9, 00, 1, 9, 20, 2, 9, 00, 3, 9, 20, 4, 9, 00, 5, 9, 20, 6, 9, 00, 7, 9, 20, 8, 9, 10, 9, 9, 20, 10, 9, 20, 11, 9, 00, 12, 9, 00, 13, 9, 00, 14, 9, 0
0, 0, 10, 10, 1, 10, 00, 2, 10, 20, 3, 10, 20, 4, 10, 10, 5, 10, 20, 6, 10, 20, 7, 10, 20, 8, 10, 10, 9, 10, 00, 10, 10, 10, 11, 10, 00, 12, 10, 20, 13, 10, 20, 14, 10, 0
0, 0, 11, 20, 1, 11, 00, 2, 11, 20, 3, 11, 00, 4, 11, 20, 5, 11, 00, 6, 11, 20, 7, 11, 20, 8, 11, 00, 9, 11, 10, 10, 11, 20, 11, 11, 20, 12, 11, 10, 13, 11, 00, 14, 11, 0
0, 0, 12, 10, 1, 12, 10, 2, 12, 10, 3, 12, 10, 4, 12, 00, 5, 12, 20, 6, 12, 10, 7, 12, 00, 8, 12, 20, 9, 12, 00, 10, 12, 10, 11, 12, 00, 12, 12, 00, 13, 12, 10, 14, 12, 2
0, 0, 13, 00, 1, 13, 00, 2, 13, 00, 3, 13, 00, 4, 13, 00, 5, 13, 00, 6, 13, 00, 7, 13, 00, 8, 13, 00, 9, 13, 00, 10, 13, 10, 11, 13, 20, 12, 13, 00, 13, 13, 00, 14, 13, 2
0, 0, 14, 10, 1, 14, 20, 2, 14, 10, 3, 14, 20, 4, 14, 00, 5, 14, 20, 6, 14, 10, 7, 14, 20, 8, 14, 20, 9, 14, 10, 10, 14, 20, 11, 14, 00, 12, 14, 10, 13, 14, 00, 14, 14, 2
1, 0, 0, 21, 1, 0, 11, 2, 0, 21, 3, 0, 21, 4, 0, 21, 5, 0, 31, 6, 0, 11, 7, 0, 21, 8, 0, 31, 9, 0, 11, 10, 0, 11, 11, 0, 11, 12, 0, 11, 13, 0, 11, 14, 0, 2
1, 0, 1, 21, 1, 1, 11, 2, 1, 21, 3, 1, 31, 4, 1, 11, 5, 1, 31, 6, 1, 31, 7, 1, 31, 8, 1, 21, 9, 1, 31, 10, 1, 11, 11, 1, 31, 12, 1, 31, 13, 1, 21, 14, 1, 3
1, 0, 2, 11, 1, 2, 21, 2, 2, 11, 3, 2, 31, 4, 2, 11, 5, 2, 11, 6, 2, 11, 7, 2, 21, 8, 2, 31, 9, 2, 21, 10, 2, 11, 11, 2, 21, 12, 2, 11, 13, 2, 21, 14, 2, 3
1, 0, 3, 11, 1, 3, 21, 2, 3, 21, 3, 3, 31, 4, 3, 21, 5, 3, 11, 6, 3, 31, 7, 3, 31, 8, 3, 21, 9, 3, 21, 10, 3, 11, 11, 3, 31, 12, 3, 31, 13, 3, 11, 14, 3, 3
1, 0, 4, 31, 1, 4, 21, 2, 4, 21, 3, 4, 21, 4, 4, 31, 5, 4, 11, 6, 4, 11, 7, 4, 21, 8, 4, 11, 9, 4, 21, 10, 4, 11, 11, 4, 31, 12, 4, 11, 13, 4, 21, 14, 4, 2
1, 0, 5, 21, 1, 5, 31, 2, 5, 21, 3, 5, 11, 4, 5, 11, 5, 5, 21, 6, 5, 31, 7, 5, 11, 8, 5, 21, 9, 5, 21, 10, 5, 11, 11, 5, 31, 12, 5, 21, 13, 5, 11, 14, 5, 2
1, 0, 6, 21, 1, 6, 11, 2, 6, 21, 3, 6, 21, 4, 6, 11, 5, 6, 21, 6, 6, 11, 7, 6, 21, 8, 6, 21, 9, 6, 21, 10, 6, 11, 11, 6, 31, 12, 6, 21, 13, 6, 21, 14, 6, 3
1, 0, 7, 21, 1, 7, 11, 2, 7, 11, 3, 7, 11, 4, 7, 31, 5, 7, 21, 6, 7, 31, 7, 7, 11, 8, 7, 31, 9, 7, 31, 10, 7, 31, 11, 7, 11, 12, 7, 11, 13, 7, 31, 14, 7, 2
1, 0, 8, 31, 1, 8, 31, 2, 8, 11, 3, 8, 21, 4, 8, 21, 5, 8, 21, 6, 8, 21, 7, 8, 11, 8, 8, 21, 9, 8, 11, 10, 8, 31, 11, 8, 31, 12, 8, 11, 13, 8, 31, 14, 8, 3
1, 0, 9, 21, 1, 9, 31, 2, 9, 21, 3, 9, 31, 4, 9, 21, 5, 9, 31, 6, 9, 21, 7, 9, 31, 8, 9, 11, 9, 9, 31, 10, 9, 31, 11, 9, 21, 12, 9, 21, 13, 9, 21, 14, 9, 2
1, 0, 10, 11, 1, 10, 21, 2, 10, 31, 3, 10, 31, 4, 10, 11, 5, 10, 31, 6, 10, 31, 7, 10, 31, 8, 10, 11, 9, 10, 21, 10, 10, 11, 11, 10, 21, 12, 10, 31, 13, 10, 31, 14, 10, 2
1, 0, 11, 31, 1, 11, 21, 2, 11, 31, 3, 11, 21, 4, 11, 31, 5, 11, 21, 6, 11, 31, 7, 11, 31, 8, 11, 21, 9, 11, 11, 10, 11, 31, 11, 11, 31, 12, 11, 11, 13, 11, 21, 14, 11, 2
1, 0, 12, 11, 1, 12, 11, 2, 12, 11, 3, 12, 11, 4, 12, 21, 5, 12, 31, 6, 12, 11, 7, 12, 21, 8, 12, 31, 9, 12, 21, 10, 12, 11, 11, 12, 21, 12, 12, 21, 13, 12, 11, 14, 12, 3
1, 0, 13, 21, 1, 13, 21, 2, 13, 21, 3, 13, 21, 4, 13, 21, 5, 13, 21, 6, 13, 21, 7, 13, 21, 8, 13, 21, 9, 13, 21, 10, 13, 11, 11, 13, 31, 12, 13, 21, 13, 13, 21, 14, 13, 3
1, 0, 14, 11, 1, 14, 31, 2, 14, 11, 3, 14, 31, 4, 14, 21, 5, 14, 31, 6, 14, 11, 7, 14, 31, 8, 14, 31, 9, 14, 11, 10, 14, 31, 11, 14, 21, 12, 14, 11, 13, 14, 21, 14, 14, 3
2, 0, 0, 32, 1, 0, 12, 2, 0, 32, 3, 0, 32, 4, 0, 32, 5, 0, 42, 6, 0, 12, 7, 0, 32, 8, 0, 42, 9, 0, 12, 10, 0, 12, 11, 0, 12, 12, 0, 12, 13, 0, 12, 14, 0, 3
2, 0, 1, 32, 1, 1, 12, 2, 1, 32, 3, 1, 42, 4, 1, 12, 5, 1, 42, 6, 1, 42, 7, 1, 42, 8, 1, 32, 9, 1, 42, 10, 1, 12, 11, 1, 42, 12, 1, 42, 13, 1, 32, 14, 1, 4
2, 0, 2, 12, 1, 2, 32, 2, 2, 12, 3, 2, 42, 4, 2, 12, 5, 2, 12, 6, 2, 12, 7, 2, 32, 8, 2, 42, 9, 2, 32, 10, 2, 12, 11, 2, 32, 12, 2, 12, 13, 2, 32, 14, 2, 4
2, 0, 3, 12, 1, 3, 32, 2, 3, 32, 3, 3, 42, 4, 3, 32, 5, 3, 12, 6, 3, 42, 7, 3, 42, 8, 3, 32, 9, 3, 32, 10, 3, 12, 11, 3, 42, 12, 3, 42, 13, 3, 12, 14, 3, 4
2, 0, 4, 42, 1, 4, 32, 2, 4, 32, 3, 4, 32, 4, 4, 42, 5, 4, 12, 6, 4, 12, 7, 4, 32, 8, 4, 12, 9, 4, 32, 10, 4, 12, 11, 4, 42, 12, 4, 12, 13, 4, 32, 14, 4, 3
2, 0, 5, 32, 1, 5, 42, 2, 5, 32, 3, 5, 12, 4, 5, 12, 5, 5, 32, 6, 5, 42, 7, 5, 12, 8, 5, 32, 9, 5, 32, 10, 5, 12, 11, 5, 42, 12, 5, 32, 13, 5, 12, 14, 5, 3
2, 0, 6, 32, 1, 6, 12, 2, 6, 32, 3, 6, 32, 4, 6, 12, 5, 6, 32, 6, 6, 12, 7, 6, 32, 8, 6, 32, 9, 6, 32, 10, 6, 12, 11, 6, 42, 12, 6, 32, 13, 6, 32, 14, 6, 4
2, 0, 7, 32, 1, 7, 12, 2, 7, 12, 3, 7, 12, 4, 7, 42, 5, 7, 32, 6, 7, 42, 7, 7, 12, 8, 7, 42, 9, 7, 42, 10, 7, 42, 11, 7, 12, 12, 7, 12, 13, 7, 42, 14, 7, 3
2, 0, 8, 42, 1, 8, 42, 2, 8, 12, 3, 8, 32, 4, 8, 32, 5, 8, 32, 6, 8, 32, 7, 8, 12, 8, 8, 32, 9, 8, 12, 10, 8, 42, 11, 8, 42, 12, 8, 12, 13, 8, 42, 14, 8, 4
2, 0, 9, 32, 1, 9, 42, 2, 9, 32, 3, 9, 42, 4, 9, 32, 5, 9, 42, 6, 9, 32, 7, 9, 42, 8, 9, 12, 9, 9, 42, 10, 9, 42, 11, 9, 32, 12, 9, 32, 13, 9, 32, 14, 9, 3
2, 0, 10, 12, 1, 10, 32, 2, 10, 42, 3, 10, 42, 4, 10, 12, 5, 10, 42, 6, 10, 42, 7, 10, 42, 8, 10, 12, 9, 10, 32, 10, 10, 12, 11, 10, 32, 12, 10, 42, 13, 10, 42, 14, 10, 3
2, 0, 11, 42, 1, 11, 32, 2, 11, 42, 3, 11, 32, 4, 11, 42, 5, 11, 32, 6, 11, 42, 7, 11, 42, 8, 11, 32, 9, 11, 12, 10, 11, 42, 11, 11, 42, 12, 11, 12, 13, 11, 32, 14, 11, 3
2, 0, 12, 12, 1, 12, 12, 2, 12, 12, 3, 12, 12, 4, 12, 32, 5, 12, 42, 6, 12, 12, 7, 12, 32, 8, 12, 42, 9, 12, 32, 10, 12, 12, 11, 12, 32, 12, 12, 32, 13, 12, 12, 14, 12, 4
2, 0, 13, 32, 1, 13, 32, 2, 13, 32, 3, 13, 32, 4, 13, 32, 5, 13, 32, 6, 13, 32, 7, 13, 32, 8, 13, 32, 9, 13, 32, 10, 13, 12, 11, 13, 42, 12, 13, 32, 13, 13, 32, 14, 13, 4
2, 0, 14, 12, 1, 14, 42, 2, 14, 12, 3, 14, 42, 4, 14, 32, 5, 14, 42, 6, 14, 12, 7, 14, 42, 8, 14, 42, 9, 14, 12, 10, 14, 42, 11, 14, 32, 12, 14, 12, 13, 14, 32, 14, 14, 4
3, 0, 0, 43, 1, 0, 13, 2, 0, 43, 3, 0, 43, 4, 0, 43, 5, 0, 53, 6, 0, 13, 7, 0, 43, 8, 0, 53, 9, 0, 13, 10, 0, 13, 11, 0, 13, 12, 0, 13, 13, 0, 13, 14, 0, 4
3, 0, 1, 43, 1, 1, 13, 2, 1, 43, 3, 1, 53, 4, 1, 13, 5, 1, 53, 6, 1, 53, 7, 1, 53, 8, 1, 43, 9, 1, 53, 10, 1, 13, 11, 1, 53, 12, 1, 53, 13, 1, 43, 14, 1, 5
3, 0, 2, 13, 1, 2, 43, 2, 2, 13, 3, 2, 53, 4, 2, 13, 5, 2, 13, 6, 2, 13, 7, 2, 43, 8, 2, 53, 9, 2, 43, 10, 2, 13, 11, 2, 43, 12, 2, 13, 13, 2, 43, 14, 2, 5
3, 0, 3, 13, 1, 3, 43, 2, 3, 43, 3, 3, 53, 4, 3, 43, 5, 3, 13, 6, 3, 53, 7, 3, 53, 8, 3, 43, 9, 3, 43, 10, 3, 13, 11, 3, 53, 12, 3, 53, 13, 3, 13, 14, 3, 5
3, 0, 4, 53, 1, 4, 43, 2, 4, 43, 3, 4, 43, 4, 4, 53, 5, 4, 13, 6, 4, 13, 7, 4, 43, 8, 4, 13, 9, 4, 43, 10, 4, 13, 11, 4, 53, 12, 4, 13, 13, 4, 43, 14, 4, 4
3, 0, 5, 43, 1, 5, 53, 2, 5, 43, 3, 5, 13, 4, 5, 13, 5, 5, 43, 6, 5, 53, 7, 5, 13, 8, 5, 43, 9, 5, 43, 10, 5, 13, 11, 5, 53, 12, 5, 43, 13, 5, 13, 14, 5, 4
3, 0, 6, 43, 1, 6, 13, 2, 6, 43, 3, 6, 43, 4, 6, 13, 5, 6, 43, 6, 6, 13, 7, 6, 43, 8, 6, 43, 9, 6, 43, 10, 6, 13, 11, 6, 53, 12, 6, 43, 13, 6, 43, 14, 6, 5
3, 0, 7, 43, 1, 7, 13, 2, 7, 13, 3, 7, 13, 4, 7, 53, 5, 7, 43, 6, 7, 53, 7, 7, 13, 8, 7, 53, 9, 7, 53, 10, 7, 53, 11, 7, 13, 12, 7, 13, 13, 7, 53, 14, 7, 4
3, 0, 8, 53, 1, 8, 53, 2, 8, 13, 3, 8, 43, 4, 8, 43, 5, 8, 43, 6, 8, 43, 7, 8, 13, 8, 8, 43, 9, 8, 13, 10, 8, 53, 11, 8, 53, 12, 8, 13, 13, 8, 53, 14, 8, 5
3, 0, 9, 43, 1, 9, 53, 2, 9, 43, 3, 9, 53, 4, 9, 43, 5, 9, 53, 6, 9, 43, 7, 9, 53, 8, 9, 13, 9, 9, 53, 10, 9, 53, 11, 9, 43, 12, 9, 43, 13, 9, 43, 14, 9, 4
3, 0, 10, 13, 1, 10, 43, 2, 10, 53, 3, 10, 53, 4, 10, 13, 5, 10, 53, 6, 10, 53, 7, 10, 53, 8, 10, 13, 9, 10, 43, 10, 10, 13, 11, 10, 43, 12, 10, 53, 13, 10, 53, 14, 10, 4
3, 0, 11, 53, 1, 11, 43, 2, 11, 53, 3, 11, 43, 4, 11, 53, 5, 11, 43, 6, 11, 53, 7, 11, 53, 8, 11, 43, 9, 11, 13, 10, 11, 53, 11, 11, 53, 12, 11, 13, 13, 11, 43, 14, 11, 4
3, 0, 12, 13, 1, 12, 13, 2, 12, 13, 3, 12, 13, 4, 12, 43, 5, 12, 53, 6, 12, 13, 7, 12, 43, 8, 12, 53, 9, 12, 43, 10, 12, 13, 11, 12, 43, 12, 12, 43, 13, 12, 13, 14, 12, 5
3, 0, 13, 43, 1, 13, 43, 2, 13, 43, 3, 13, 43, 4, 13, 43, 5, 13, 43, 6, 13, 43, 7, 13, 43, 8, 13, 43, 9, 13, 43, 10, 13, 13, 11, 13, 53, 12, 13, 43, 13, 13, 43, 14, 13, 5
3, 0, 14, 13, 1, 14, 53, 2, 14, 13, 3, 14, 53, 4, 14, 43, 5, 14, 53, 6, 14, 13, 7, 14, 53, 8, 14, 53, 9, 14, 13, 10, 14, 53, 11, 14, 43, 12, 14, 13, 13, 14, 43, 14, 14, 5
4, 0, 0, 54, 1, 0, 14, 2, 0, 54, 3, 0, 54, 4, 0, 54, 5, 0, 14, 6, 0, 14, 7, 0, 54, 8, 0, 54, 9, 0, 14, 10, 0, 14, 11, 0, 14, 12, 0, 14, 13, 0, 14, 14, 0, 5
4, 0, 1, 54, 1, 1, 14, 2, 1, 54, 3, 1, 54, 4, 1, 14, 5, 1, 54, 6, 1, 54, 7, 1, 54, 8, 1, 54, 9, 1, 54, 10, 1, 14, 11, 1, 54, 12, 1, 54, 13, 1, 54, 14, 1, 5
4, 0, 2, 14, 1, 2, 54, 2, 2, 14, 3, 2, 54, 4, 2, 14, 5, 2, 14, 6, 2, 14, 7, 2, 54, 8, 2, 54, 9, 2, 54, 10, 2, 14, 11, 2, 54, 12, 2, 14, 13, 2, 54, 14, 2, 5
4, 0, 3, 14, 1, 3, 54, 2, 3, 54, 3, 3, 54, 4, 3, 54, 5, 3, 14, 6, 3, 54, 7, 3, 54, 8, 3, 54, 9, 3, 54, 10, 3, 14, 11, 3, 54, 12, 3, 54, 13, 3, 14, 14, 3, 5
4, 0, 4, 54, 1, 4, 54, 2, 4, 54, 3, 4, 54, 4, 4, 54, 5, 4, 14, 6, 4, 14, 7, 4, 54, 8, 4, 14, 9, 4, 54, 10, 4, 14, 11, 4, 54, 12, 4, 14, 13, 4, 54, 14, 4, 5
4, 0, 5, 54, 1, 5, 54, 2, 5, 54, 3, 5, 14, 4, 5, 14, 5, 5, 54, 6, 5, 54, 7, 5, 14, 8, 5, 54, 9, 5, 54, 10, 5, 14, 11, 5, 54, 12, 5, 54, 13, 5, 14, 14, 5, 5
4, 0, 6, 54, 1, 6, 14, 2, 6, 54, 3, 6, 54, 4, 6, 14, 5, 6, 54, 6, 6, 14, 7, 6, 54, 8, 6, 54, 9, 6, 54, 10, 6, 14, 11, 6, 54, 12, 6, 54, 13, 6, 54, 14, 6, 5
4, 0, 7, 54, 1, 7, 14, 2, 7, 14, 3, 7, 14, 4, 7, 54, 5, 7, 54, 6, 7, 54, 7, 7, 14, 8, 7, 54, 9, 7, 54, 10, 7, 54, 11, 7, 14, 12, 7, 14, 13, 7, 54, 14, 7, 5
4, 0, 8, 54, 1, 8, 54, 2, 8, 14, 3, 8, 54, 4, 8, 54, 5, 8, 54, 6, 8, 54, 7, 8, 14, 8, 8, 54, 9, 8, 14, 10, 8, 54, 11, 8, 54, 12, 8, 14, 13, 8, 54, 14, 8, 5
4, 0, 9, 54, 1, 9, 54, 2, 9, 54, 3, 9, 54, 4, 9, 54, 5, 9, 54, 6, 9, 54, 7, 9, 54, 8, 9, 14, 9, 9, 54, 10, 9, 54, 11, 9, 54, 12, 9, 54, 13, 9, 54, 14, 9, 5
4, 0, 10, 14, 1, 10, 54, 2, 10, 54, 3, 10, 54, 4, 10, 14, 5, 10, 54, 6, 10, 54, 7, 10, 54, 8, 10, 14, 9, 10, 54, 10, 10, 14, 11, 10, 54, 12, 10, 54, 13, 10, 54, 14, 10, 5
4, 0, 11, 14, 1, 11, 54, 2, 11, 54, 3, 11, 54, 4, 11, 54, 5, 11, 54, 6, 11, 54, 7, 11, 54, 8, 11, 54, 9, 11, 14, 10, 11, 54, 11, 11, 54, 12, 11, 14, 13, 11, 54, 14, 11, 5
4, 0, 12, 14, 1, 12, 14, 2, 12, 14, 3, 12, 14, 4, 12, 54, 5, 12, 54, 6, 12, 14, 7, 12, 54, 8, 12, 54, 9, 12, 54, 10, 12, 14, 11, 12, 54, 12, 12, 54, 13, 12, 14, 14, 12, 5
4, 0, 13, 54, 1, 13, 54, 2, 13, 54, 3, 13, 54, 4, 13, 54, 5, 13, 54, 6, 13, 54, 7, 13, 54, 8, 13, 54, 9, 13, 54, 10, 13, 14, 11, 13, 54, 12, 13, 54, 13, 13, 54, 14, 13, 5
4, 0, 14, 14, 1, 14, 14, 2, 14, 14, 3, 14, 54, 4, 14, 54, 5, 14, 54, 6, 14, 14, 7, 14, 54, 8, 14, 54, 9, 14, 14, 10, 14, 14, 11, 14, 54, 12, 14, 14, 13, 14, 54, 14, 14, 5
5, 0, 0, 15, 1, 0, 15, 2, 0, 15, 3, 0, 55, 4, 0, 15, 5, 0, 15, 6, 0, 15, 7, 0, 55, 8, 0, 55, 9, 0, 15, 10, 0, 15, 11, 0, 15, 12, 0, 15, 13, 0, 15, 14, 0, 5
5, 0, 1, 15, 1, 1, 15, 2, 1, 55, 3, 1, 55, 4, 1, 15, 5, 1, 55, 6, 1, 55, 7, 1, 55, 8, 1, 55, 9, 1, 55, 10, 1, 15, 11, 1, 55, 12, 1, 55, 13, 1, 55, 14, 1, 5
5, 0, 2, 15, 1, 2, 55, 2, 2, 15, 3, 2, 55, 4, 2, 15, 5, 2, 15, 6, 2, 15, 7, 2, 55, 8, 2, 55, 9, 2, 55, 10, 2, 15, 11, 2, 55, 12, 2, 15, 13, 2, 55, 14, 2, 5
5, 0, 3, 15, 1, 3, 55, 2, 3, 55, 3, 3, 55, 4, 3, 55, 5, 3, 15, 6, 3, 55, 7, 3, 55, 8, 3, 55, 9, 3, 55, 10, 3, 15, 11, 3, 55, 12, 3, 55, 13, 3, 15, 14, 3, 5
5, 0, 4, 55, 1, 4, 55, 2, 4, 55, 3, 4, 55, 4, 4, 55, 5, 4, 15, 6, 4, 15, 7, 4, 55, 8, 4, 15, 9, 4, 55, 10, 4, 15, 11, 4, 55, 12, 4, 15, 13, 4, 55, 14, 4, 1
5, 0, 5, 55, 1, 5, 55, 2, 5, 55, 3, 5, 15, 4, 5, 15, 5, 5, 55, 6, 5, 55, 7, 5, 15, 8, 5, 55, 9, 5, 55, 10, 5, 15, 11, 5, 55, 12, 5, 55, 13, 5, 15, 14, 5, 5
5, 0, 6, 15, 1, 6, 15, 2, 6, 55, 3, 6, 55, 4, 6, 15, 5, 6, 55, 6, 6, 15, 7, 6, 55, 8, 6, 55, 9, 6, 55, 10, 6, 15, 11, 6, 55, 12, 6, 55, 13, 6, 55, 14, 6, 5
5, 0, 7, 15, 1, 7, 15, 2, 7, 15, 3, 7, 15, 4, 7, 55, 5, 7, 55, 6, 7, 55, 7, 7, 15, 8, 7, 55, 9, 7, 55, 10, 7, 55, 11, 7, 15, 12, 7, 15, 13, 7, 55, 14, 7, 5
5, 0, 8, 55, 1, 8, 55, 2, 8, 15, 3, 8, 55, 4, 8, 55, 5, 8, 55, 6, 8, 55, 7, 8, 15, 8, 8, 55, 9, 8, 15, 10, 8, 55, 11, 8, 55, 12, 8, 15, 13, 8, 55, 14, 8, 5
5, 0, 9, 55, 1, 9, 55, 2, 9, 55, 3, 9, 55, 4, 9, 55, 5, 9, 55, 6, 9, 55, 7, 9, 55, 8, 9, 15, 9, 9, 55, 10, 9, 55, 11, 9, 55, 12, 9, 55, 13, 9, 55, 14, 9, 5
5, 0, 10, 15, 1, 10, 55, 2, 10, 55, 3, 10, 55, 4, 10, 15, 5, 10, 55, 6, 10, 55, 7, 10, 55, 8, 10, 15, 9, 10, 55, 10, 10, 15, 11, 10, 55, 12, 10, 55, 13, 10, 55, 14, 10, 5
5, 0, 11, 15, 1, 11, 55, 2, 11, 55, 3, 11, 55, 4, 11, 55, 5, 11, 55, 6, 11, 55, 7, 11, 55, 8, 11, 55, 9, 11, 15, 10, 11, 55, 11, 11, 55, 12, 11, 15, 13, 11, 55, 14, 11, 5
5, 0, 12, 15, 1, 12, 15, 2, 12, 15, 3, 12, 15, 4, 12, 55, 5, 12, 55, 6, 12, 15, 7, 12, 55, 8, 12, 55, 9, 12, 55, 10, 12, 15, 11, 12, 55, 12, 12, 55, 13, 12, 15, 14, 12, 5
5, 0, 13, 15, 1, 13, 55, 2, 13, 55, 3, 13, 55, 4, 13, 55, 5, 13, 55, 6, 13, 55, 7, 13, 55, 8, 13, 55, 9, 13, 55, 10, 13, 15, 11, 13, 55, 12, 13, 55, 13, 13, 55, 14, 13, 5
5, 0, 14, 15, 1, 14, 15, 2, 14, 15, 3, 14, 55, 4, 14, 55, 5, 14, 55, 6, 14, 15, 7, 14, 55, 8, 14, 55, 9, 14, 15, 10, 14, 15, 11, 14, 15, 12, 14, 15, 13, 14, 55, 14, 14, 5
6, 0, 0, 16, 1, 0, 16, 2, 0, 16, 3, 0, 16, 4, 0, 16, 5, 0, 16, 6, 0, 16, 7, 0, 56, 8, 0, 56, 9, 0, 16, 10, 0, 16, 11, 0, 16, 12, 0, 16, 13, 0, 16, 14, 0, 5
6, 0, 1, 16, 1, 1, 16, 2, 1, 56, 3, 1, 56, 4, 1, 16, 5, 1, 56, 6, 1, 56, 7, 1, 56, 8, 1, 56, 9, 1, 56, 10, 1, 16, 11, 1, 56, 12, 1, 56, 13, 1, 56, 14, 1, 5
6, 0, 2, 16, 1, 2, 56, 2, 2, 16, 3, 2, 56, 4, 2, 16, 5, 2, 16, 6, 2, 16, 7, 2, 56, 8, 2, 56, 9, 2, 56, 10, 2, 16, 11, 2, 56, 12, 2, 16, 13, 2, 56, 14, 2, 5
6, 0, 3, 16, 1, 3, 56, 2, 3, 56, 3, 3, 56, 4, 3, 56, 5, 3, 16, 6, 3, 56, 7, 3, 56, 8, 3, 56, 9, 3, 56, 10, 3, 16, 11, 3, 56, 12, 3, 56, 13, 3, 16, 14, 3, 1
6, 0, 4, 56, 1, 4, 56, 2, 4, 56, 3, 4, 56, 4, 4, 56, 5, 4, 16, 6, 4, 16, 7, 4, 56, 8, 4, 16, 9, 4, 56, 10, 4, 16, 11, 4, 56, 12, 4, 16, 13, 4, 56, 14, 4, 1
6, 0, 5, 16, 1, 5, 56, 2, 5, 56, 3, 5, 16, 4, 5, 16, 5, 5, 56, 6, 5, 56, 7, 5, 16, 8, 5, 56, 9, 5, 56, 10, 5, 16, 11, 5, 56, 12, 5, 56, 13, 5, 16, 14, 5, 1
6, 0, 6, 16, 1, 6, 16, 2, 6, 56, 3, 6, 56, 4, 6, 16, 5, 6, 56, 6, 6, 16, 7, 6, 56, 8, 6, 56, 9, 6, 56, 10, 6, 16, 11, 6, 56, 12, 6, 56, 13, 6, 56, 14, 6, 5
6, 0, 7, 16, 1, 7, 16, 2, 7, 16, 3, 7, 16, 4, 7, 56, 5, 7, 56, 6, 7, 56, 7, 7, 16, 8, 7, 56, 9, 7, 56, 10, 7, 56, 11, 7, 16, 12, 7, 16, 13, 7, 56, 14, 7, 5
6, 0, 8, 16, 1, 8, 56, 2, 8, 16, 3, 8, 56, 4, 8, 56, 5, 8, 56, 6, 8, 56, 7, 8, 16, 8, 8, 56, 9, 8, 16, 10, 8, 56, 11, 8, 56, 12, 8, 16, 13, 8, 56, 14, 8, 5
6, 0, 9, 56, 1, 9, 56, 2, 9, 56, 3, 9, 56, 4, 9, 56, 5, 9, 56, 6, 9, 56, 7, 9, 56, 8, 9, 16, 9, 9, 56, 10, 9, 56, 11, 9, 56, 12, 9, 56, 13, 9, 56, 14, 9, 5
6, 0, 10, 16, 1, 10, 56, 2, 10, 56, 3, 10, 56, 4, 10, 16, 5, 10, 56, 6, 10, 56, 7, 10, 56, 8, 10, 16, 9, 10, 56, 10, 10, 16, 11, 10, 56, 12, 10, 56, 13, 10, 56, 14, 10, 5
6, 0, 11, 16, 1, 11, 56, 2, 11, 56, 3, 11, 56, 4, 11, 56, 5, 11, 56, 6, 11, 56, 7, 11, 56, 8, 11, 56, 9, 11, 16, 10, 11, 56, 11, 11, 56, 12, 11, 16, 13, 11, 56, 14, 11, 5
6, 0, 12, 16, 1, 12, 16, 2, 12, 16, 3, 12, 16, 4, 12, 56, 5, 12, 56, 6, 12, 16, 7, 12, 56, 8, 12, 56, 9, 12, 56, 10, 12, 16, 11, 12, 56, 12, 12, 56, 13, 12, 16, 14, 12, 5
6, 0, 13, 16, 1, 13, 56, 2, 13, 56, 3, 13, 56, 4, 13, 56, 5, 13, 56, 6, 13, 56, 7, 13, 56, 8, 13, 56, 9, 13, 56, 10, 13, 16, 11, 13, 56, 12, 13, 56, 13, 13, 56, 14, 13, 5
6, 0, 14, 16, 1, 14, 16, 2, 14, 16, 3, 14, 56, 4, 14, 56, 5, 14, 56, 6, 14, 16, 7, 14, 56, 8, 14, 56, 9, 14, 16, 10, 14, 16, 11, 14, 16, 12, 14, 16, 13, 14, 56, 14, 14, 5
7, 0, 0, 17, 1, 0, 17, 2, 0, 17, 3, 0, 17, 4, 0, 17, 5, 0, 17, 6, 0, 17, 7, 0, 57, 8, 0, 57, 9, 0, 17, 10, 0, 17, 11, 0, 17, 12, 0, 17, 13, 0, 17, 14, 0, 5
7, 0, 1, 17, 1, 1, 17, 2, 1, 57, 3, 1, 57, 4, 1, 17, 5, 1, 57, 6, 1, 57, 7, 1, 57, 8, 1, 57, 9, 1, 57, 10, 1, 17, 11, 1, 57, 12, 1, 57, 13, 1, 57, 14, 1, 5
7, 0, 2, 17, 1, 2, 57, 2, 2, 17, 3, 2, 57, 4, 2, 17, 5, 2, 17, 6, 2, 17, 7, 2, 57, 8, 2, 57, 9, 2, 57, 10, 2, 17, 11, 2, 57, 12, 2, 17, 13, 2, 57, 14, 2, 1
7, 0, 3, 17, 1, 3, 57, 2, 3, 57, 3, 3, 57, 4, 3, 57, 5, 3, 17, 6, 3, 57, 7, 3, 57, 8, 3, 57, 9, 3, 57, 10, 3, 17, 11, 3, 57, 12, 3, 57, 13, 3, 17, 14, 3, 1
7, 0, 4, 17, 1, 4, 57, 2, 4, 57, 3, 4, 57, 4, 4, 57, 5, 4, 17, 6, 4, 17, 7, 4, 57, 8, 4, 17, 9, 4, 57, 10, 4, 17, 11, 4, 57, 12, 4, 17, 13, 4, 57, 14, 4, 1
7, 0, 5, 17, 1, 5, 57, 2, 5, 57, 3, 5, 17, 4, 5, 17, 5, 5, 57, 6, 5, 57, 7, 5, 17, 8, 5, 57, 9, 5, 57, 10, 5, 17, 11, 5, 57, 12, 5, 57, 13, 5, 17, 14, 5, 1
7, 0, 6, 17, 1, 6, 17, 2, 6, 57, 3, 6, 57, 4, 6, 17, 5, 6, 57, 6, 6, 17, 7, 6, 57, 8, 6, 57, 9, 6, 57, 10, 6, 17, 11, 6, 57, 12, 6, 57, 13, 6, 57, 14, 6, 1
7, 0, 7, 17, 1, 7, 17, 2, 7, 17, 3, 7, 17, 4, 7, 57, 5, 7, 57, 6, 7, 57, 7, 7, 17, 8, 7, 57, 9, 7, 57, 10, 7, 57, 11, 7, 17, 12, 7, 17, 13, 7, 57, 14, 7, 5
7, 0, 8, 17, 1, 8, 57, 2, 8, 17, 3, 8, 57, 4, 8, 57, 5, 8, 57, 6, 8, 57, 7, 8, 17, 8, 8, 57, 9, 8, 17, 10, 8, 57, 11, 8, 57, 12, 8, 17, 13, 8, 57, 14, 8, 5
7, 0, 9, 17, 1, 9, 57, 2, 9, 57, 3, 9, 57, 4, 9, 57, 5, 9, 57, 6, 9, 57, 7, 9, 57, 8, 9, 17, 9, 9, 57, 10, 9, 57, 11, 9, 57, 12, 9, 57, 13, 9, 57, 14, 9, 5
7, 0, 10, 17, 1, 10, 57, 2, 10, 57, 3, 10, 57, 4, 10, 17, 5, 10, 57, 6, 10, 57, 7, 10, 57, 8, 10, 17, 9, 10, 57, 10, 10, 17, 11, 10, 57, 12, 10, 57, 13, 10, 57, 14, 10, 5
7, 0, 11, 17, 1, 11, 57, 2, 11, 57, 3, 11, 57, 4, 11, 57, 5, 11, 57, 6, 11, 57, 7, 11, 57, 8, 11, 57, 9, 11, 17, 10, 11, 57, 11, 11, 57, 12, 11, 17, 13, 11, 57, 14, 11, 5
7, 0, 12, 17, 1, 12, 17, 2, 12, 17, 3, 12, 17, 4, 12, 57, 5, 12, 57, 6, 12, 17, 7, 12, 57, 8, 12, 57, 9, 12, 57, 10, 12, 17, 11, 12, 57, 12, 12, 57, 13, 12, 17, 14, 12, 5
7, 0, 13, 17, 1, 13, 57, 2, 13, 57, 3, 13, 57, 4, 13, 57, 5, 13, 57, 6, 13, 57, 7, 13, 57, 8, 13, 57, 9, 13, 57, 10, 13, 17, 11, 13, 57, 12, 13, 57, 13, 13, 57, 14, 13, 5
7, 0, 14, 17, 1, 14, 17, 2, 14, 17, 3, 14, 57, 4, 14, 57, 5, 14, 57, 6, 14, 17, 7, 14, 57, 8, 14, 57, 9, 14, 17, 10, 14, 17, 11, 14, 17, 12, 14, 17, 13, 14, 57, 14, 14, 5
8, 0, 0, 18, 1, 0, 18, 2, 0, 18, 3, 0, 18, 4, 0, 18, 5, 0, 18, 6, 0, 18, 7, 0, 58, 8, 0, 58, 9, 0, 18, 10, 0, 18, 11, 0, 18, 12, 0, 18, 13, 0, 18, 14, 0, 5
8, 0, 1, 18, 1, 1, 18, 2, 1, 58, 3, 1, 58, 4, 1, 18, 5, 1, 58, 6, 1, 58, 7, 1, 58, 8, 1, 58, 9, 1, 58, 10, 1, 18, 11, 1, 58, 12, 1, 58, 13, 1, 58, 14, 1, 1
8, 0, 2, 18, 1, 2, 58, 2, 2, 18, 3, 2, 58, 4, 2, 18, 5, 2, 18, 6, 2, 18, 7, 2, 58, 8, 2, 58, 9, 2, 58, 10, 2, 18, 11, 2, 58, 12, 2, 18, 13, 2, 58, 14, 2, 1
8, 0, 3, 18, 1, 3, 58, 2, 3, 58, 3, 3, 58, 4, 3, 58, 5, 3, 18, 6, 3, 58, 7, 3, 58, 8, 3, 58, 9, 3, 58, 10, 3, 18, 11, 3, 58, 12, 3, 58, 13, 3, 18, 14, 3, 1
8, 0, 4, 18, 1, 4, 58, 2, 4, 58, 3, 4, 58, 4, 4, 58, 5, 4, 18, 6, 4, 18, 7, 4, 58, 8, 4, 18, 9, 4, 58, 10, 4, 18, 11, 4, 58, 12, 4, 18, 13, 4, 58, 14, 4, 1
8, 0, 5, 18, 1, 5, 58, 2, 5, 58, 3, 5, 18, 4, 5, 18, 5, 5, 58, 6, 5, 58, 7, 5, 18, 8, 5, 58, 9, 5, 58, 10, 5, 18, 11, 5, 58, 12, 5, 58, 13, 5, 18, 14, 5, 1
8, 0, 6, 18, 1, 6, 18, 2, 6, 58, 3, 6, 58, 4, 6, 18, 5, 6, 58, 6, 6, 18, 7, 6, 58, 8, 6, 58, 9, 6, 58, 10, 6, 18, 11, 6, 58, 12, 6, 58, 13, 6, 58, 14, 6, 1
8, 0, 7, 18, 1, 7, 18, 2, 7, 18, 3, 7, 18, 4, 7, 58, 5, 7, 58, 6, 7, 58, 7, 7, 18, 8, 7, 58, 9, 7, 58, 10, 7, 58, 11, 7, 18, 12, 7, 18, 13, 7, 58, 14, 7, 5
8, 0, 8, 18, 1, 8, 58, 2, 8, 18, 3, 8, 58, 4, 8, 58, 5, 8, 58, 6, 8, 58, 7, 8, 18, 8, 8, 58, 9, 8, 18, 10, 8, 58, 11, 8, 58, 12, 8, 18, 13, 8, 58, 14, 8, 5
8, 0, 9, 18, 1, 9, 58, 2, 9, 58, 3, 9, 58, 4, 9, 58, 5, 9, 58, 6, 9, 58, 7, 9, 58, 8, 9, 18, 9, 9, 58, 10, 9, 58, 11, 9, 58, 12, 9, 58, 13, 9, 58, 14, 9, 5
8, 0, 10, 18, 1, 10, 58, 2, 10, 58, 3, 10, 58, 4, 10, 18, 5, 10, 58, 6, 10, 58, 7, 10, 58, 8, 10, 18, 9, 10, 58, 10, 10, 18, 11, 10, 58, 12, 10, 58, 13, 10, 58, 14, 10, 5
8, 0, 11, 18, 1, 11, 58, 2, 11, 58, 3, 11, 58, 4, 11, 58, 5, 11, 58, 6, 11, 58, 7, 11, 58, 8, 11, 58, 9, 11, 18, 10, 11, 58, 11, 11, 58, 12, 11, 18, 13, 11, 58, 14, 11, 5
8, 0, 12, 18, 1, 12, 18, 2, 12, 18, 3, 12, 18, 4, 12, 58, 5, 12, 58, 6, 12, 18, 7, 12, 58, 8, 12, 58, 9, 12, 58, 10, 12, 18, 11, 12, 58, 12, 12, 58, 13, 12, 18, 14, 12, 5
8, 0, 13, 18, 1, 13, 58, 2, 13, 58, 3, 13, 58, 4, 13, 58, 5, 13, 58, 6, 13, 58, 7, 13, 58, 8, 13, 58, 9, 13, 58, 10, 13, 18, 11, 13, 58, 12, 13, 58, 13, 13, 58, 14, 13, 5
8, 0, 14, 18, 1, 14, 18, 2, 14, 18, 3, 14, 58, 4, 14, 58, 5, 14, 58, 6, 14, 18, 7, 14, 58, 8, 14, 58, 9, 14, 18, 10, 14, 18, 11, 14, 18, 12, 14, 18, 13, 14, 58, 14, 14, 5
9, 0, 0, 19, 1, 0, 19, 2, 0, 19, 3, 0, 19, 4, 0, 19, 5, 0, 19, 6, 0, 19, 7, 0, 59, 8, 0, 59, 9, 0, 19, 10, 0, 19, 11, 0, 19, 12, 0, 19, 13, 0, 19, 14, 0, 1
9, 0, 1, 19, 1, 1, 19, 2, 1, 59, 3, 1, 59, 4, 1, 19, 5, 1, 59, 6, 1, 59, 7, 1, 59, 8, 1, 59, 9, 1, 59, 10, 1, 19, 11, 1, 59, 12, 1, 59, 13, 1, 59, 14, 1, 1
9, 0, 2, 19, 1, 2, 59, 2, 2, 19, 3, 2, 59, 4, 2, 19, 5, 2, 19, 6, 2, 19, 7, 2, 59, 8, 2, 59, 9, 2, 59, 10, 2, 19, 11, 2, 59, 12, 2, 19, 13, 2, 59, 14, 2, 1
9, 0, 3, 19, 1, 3, 59, 2, 3, 59, 3, 3, 59, 4, 3, 59, 5, 3, 19, 6, 3, 59, 7, 3, 59, 8, 3, 59, 9, 3, 59, 10, 3, 19, 11, 3, 59, 12, 3, 59, 13, 3, 19, 14, 3, 1
9, 0, 4, 19, 1, 4, 59, 2, 4, 59, 3, 4, 59, 4, 4, 59, 5, 4, 19, 6, 4, 19, 7, 4, 59, 8, 4, 19, 9, 4, 59, 10, 4, 19, 11, 4, 59, 12, 4, 19, 13, 4, 59, 14, 4, 1
9, 0, 5, 19, 1, 5, 59, 2, 5, 59, 3, 5, 19, 4, 5, 19, 5, 5, 59, 6, 5, 59, 7, 5, 19, 8, 5, 59, 9, 5, 59, 10, 5, 19, 11, 5, 59, 12, 5, 59, 13, 5, 19, 14, 5, 1
9, 0, 6, 19, 1, 6, 19, 2, 6, 59, 3, 6, 59, 4, 6, 19, 5, 6, 59, 6, 6, 19, 7, 6, 59, 8, 6, 59, 9, 6, 59, 10, 6, 19, 11, 6, 59, 12, 6, 59, 13, 6, 59, 14, 6, 1
9, 0, 7, 19, 1, 7, 19, 2, 7, 19, 3, 7, 19, 4, 7, 59, 5, 7, 59, 6, 7, 59, 7, 7, 19, 8, 7, 59, 9, 7, 59, 10, 7, 59, 11, 7, 19, 12, 7, 19, 13, 7, 59, 14, 7, 5
9, 0, 8, 19, 1, 8, 59, 2, 8, 19, 3, 8, 59, 4, 8, 59, 5, 8, 59, 6, 8, 59, 7, 8, 19, 8, 8, 59, 9, 8, 19, 10, 8, 59, 11, 8, 59, 12, 8, 19, 13, 8, 59, 14, 8, 5
9, 0, 9, 19, 1, 9, 59, 2, 9, 59, 3, 9, 59, 4, 9, 59, 5, 9, 59, 6, 9, 59, 7, 9, 59, 8, 9, 19, 9, 9, 59, 10, 9, 59, 11, 9, 59, 12, 9, 59, 13, 9, 59, 14, 9, 5
9, 0, 10, 19, 1, 10, 59, 2, 10, 59, 3, 10, 59, 4, 10, 19, 5, 10, 59, 6, 10, 59, 7, 10, 59, 8, 10, 19, 9, 10, 59, 10, 10, 19, 11, 10, 59, 12, 10, 59, 13, 10, 59, 14, 10, 5
9, 0, 11, 19, 1, 11, 59, 2, 11, 59, 3, 11, 59, 4, 11, 59, 5, 11, 59, 6, 11, 59, 7, 11, 59, 8, 11, 59, 9, 11, 19, 10, 11, 59, 11, 11, 59, 12, 11, 19, 13, 11, 59, 14, 11, 5
9, 0, 12, 19, 1, 12, 19, 2, 12, 19, 3, 12, 19, 4, 12, 59, 5, 12, 59, 6, 12, 19, 7, 12, 59, 8, 12, 59, 9, 12, 59, 10, 12, 19, 11, 12, 59, 12, 12, 59, 13, 12, 19, 14, 12, 5
9, 0, 13, 19, 1, 13, 59, 2, 13, 59, 3, 13, 59, 4, 13, 59, 5, 13, 59, 6, 13, 59, 7, 13, 59, 8, 13, 59, 9, 13, 59, 10, 13, 19, 11, 13, 59, 12, 13, 59, 13, 13, 59, 14, 13, 5
9, 0, 14, 19, 1, 14, 19, 2, 14, 19, 3, 14, 59, 4, 14, 59, 5, 14, 59, 6, 14, 19, 7, 14, 59, 8, 14, 59, 9, 14, 19, 10, 14, 19, 11, 14, 19, 12, 14, 19, 13, 14, 59, 14, 14, 5
10, 0, 0, 110, 1, 0, 110, 2, 0, 110, 3, 0, 110, 4, 0, 110, 5, 0, 110, 6, 0, 110, 7, 0, 510, 8, 0, 510, 9, 0, 110, 10, 0, 110, 11, 0, 110, 12, 0, 110, 13, 0, 110, 14, 0, 1
10, 0, 1, 110, 1, 1, 110, 2, 1, 510, 3, 1, 510, 4, 1, 110, 5, 1, 510, 6, 1, 510, 7, 1, 510, 8, 1, 510, 9, 1, 510, 10, 1, 110, 11, 1, 510, 12, 1, 510, 13, 1, 510, 14, 1, 1
10, 0, 2, 110, 1, 2, 510, 2, 2, 110, 3, 2, 510, 4, 2, 110, 5, 2, 110, 6, 2, 110, 7, 2, 510, 8, 2, 510, 9, 2, 510, 10, 2, 110, 11, 2, 510, 12, 2, 110, 13, 2, 510, 14, 2, 1
10, 0, 3, 110, 1, 3, 510, 2, 3, 510, 3, 3, 510, 4, 3, 510, 5, 3, 110, 6, 3, 510, 7, 3, 510, 8, 3, 510, 9, 3, 510, 10, 3, 110, 11, 3, 510, 12, 3, 510, 13, 3, 110, 14, 3, 1
10, 0, 4, 110, 1, 4, 510, 2, 4, 510, 3, 4, 510, 4, 4, 510, 5, 4, 110, 6, 4, 110, 7, 4, 510, 8, 4, 110, 9, 4, 510, 10, 4, 110, 11, 4, 510, 12, 4, 110, 13, 4, 510, 14, 4, 1
10, 0, 5, 110, 1, 5, 510, 2, 5, 510, 3, 5, 110, 4, 5, 110, 5, 5, 510, 6, 5, 510, 7, 5, 110, 8, 5, 510, 9, 5, 510, 10, 5, 110, 11, 5, 510, 12, 5, 510, 13, 5, 110, 14, 5, 1
10, 0, 6, 110, 1, 6, 110, 2, 6, 510, 3, 6, 510, 4, 6, 110, 5, 6, 510, 6, 6, 110, 7, 6, 510, 8, 6, 510, 9, 6, 510, 10, 6, 110, 11, 6, 510, 12, 6, 510, 13, 6, 510, 14, 6, 1
10, 0, 7, 110, 1, 7, 110, 2, 7, 110, 3, 7, 110, 4, 7, 510, 5, 7, 510, 6, 7, 510, 7, 7, 110, 8, 7, 510, 9, 7, 510, 10, 7, 510, 11, 7, 110, 12, 7, 110, 13, 7, 510, 14, 7, 5
10, 0, 8, 110, 1, 8, 510, 2, 8, 110, 3, 8, 510, 4, 8, 510, 5, 8, 510, 6, 8, 510, 7, 8, 110, 8, 8, 510, 9, 8, 110, 10, 8, 510, 11, 8, 510, 12, 8, 110, 13, 8, 510, 14, 8, 5
10, 0, 9, 110, 1, 9, 510, 2, 9, 510, 3, 9, 510, 4, 9, 510, 5, 9, 510, 6, 9, 510, 7, 9, 510, 8, 9, 110, 9, 9, 510, 10, 9, 510, 11, 9, 510, 12, 9, 510, 13, 9, 510, 14, 9, 5
10, 0, 10, 110, 1, 10, 510, 2, 10, 510, 3, 10, 510, 4, 10, 110, 5, 10, 510, 6, 10, 510, 7, 10, 510, 8, 10, 110, 9, 10, 510, 10, 10, 110, 11, 10, 510, 12, 10, 510, 13, 10, 510, 14, 10, 5
10, 0, 11, 110, 1, 11, 510, 2, 11, 510, 3, 11, 510, 4, 11, 510, 5, 11, 510, 6, 11, 510, 7, 11, 510, 8, 11, 510, 9, 11, 110, 10, 11, 510, 11, 11, 510, 12, 11, 110, 13, 11, 510, 14, 11, 5
10, 0, 12, 110, 1, 12, 110, 2, 12, 110, 3, 12, 110, 4, 12, 510, 5, 12, 510, 6, 12, 110, 7, 12, 510, 8, 12, 510, 9, 12, 510, 10, 12, 110, 11, 12, 510, 12, 12, 510, 13, 12, 110, 14, 12, 5
10, 0, 13, 110, 1, 13, 510, 2, 13, 510, 3, 13, 510, 4, 13, 510, 5, 13, 510, 6, 13, 510, 7, 13, 510, 8, 13, 510, 9, 13, 510, 10, 13, 110, 11, 13, 510, 12, 13, 510, 13, 13, 510, 14, 13, 5
10, 0, 14, 110, 1, 14, 110, 2, 14, 110, 3, 14, 510, 4, 14, 510, 5, 14, 510, 6, 14, 110, 7, 14, 510, 8, 14, 510, 9, 14, 110, 10, 14, 110, 11, 14, 110, 12, 14, 110, 13, 14, 510, 14, 14, 5
